500
60
241
450
446
394
2
60
295
152
42
353
495
247
290
393
499
393
30
188
166
189
190
308
340
428
362
378
49
446
199
178
401
348
447
144
443
171
355
314
108
60
147
260
230
137
93
499
101
145
62
453
36
208
325
352
142
413
33
197
66
143
286
483
189
493
407
71
460
461
306
210
454
80
134
370
279
12
13
53
360
141
466
492
321
220
402
66
213
397
367
280
73
160
460
184
467
19
42
492
444
186
90
197
288
427
209
103
73
194
196
340
387
287
116
309
398
451
136
31
432
165
436
370
348
314
162
422
348
246
211
155
467
445
101
290
182
220
42
404
8
29
143
283
295
354
154
431
105
144
61
3
223
99
12
76
333
403
220
441
486
399
41
135
370
53
313
450
449
145
274
241
373
271
474
483
50
214
229
179
445
454
131
377
323
452
138
493
200
445
278
124
119
460
431
496
80
44
127
277
480
181
317
337
151
162
429
144
391
35
152
128
111
255
119
226
47
469
327
474
11
367
403
300
259
319
214
327
25
129
491
10
247
444
50
441
254
388
99
413
371
121
349
379
193
134
220
494
219
100
95
430
28
384
17
168
496
158
30
8
293
272
8
66
462
114
127
360
291
123
466
42
353
304
370
91
10
395
180
496
12
23
462
263
170
358
122
337
468
263
451
174
97
385
172
232
454
471
166
123
28
450
360
228
245
52
344
145
275
326
165
492
141
352
416
430
322
168
379
286
355
480
320
254
184
60
21
169
326
359
292
317
164
473
2
307
267
129
331
481
395
127
196
115
330
429
448
381
259
70
300
172
415
27
219
163
391
409
20
16
263
223
365
55
88
244
195
218
452
435
431
294
206
483
413
173
188
33
287
124
453
376
17
23
186
451
230
378
16
456
253
482
455
337
480
205
122
227
133
346
107
131
212
305
472
292
40
345
62
472
165
423
304
42
13
78
283
364
174
131
289
210
388
451
444
78
7
158
477
138
126
214
388
47
477
25
386
171
189
220
380
386
282
28
409
276
429
377
367
210
107
445
134
125
212
482
314
387
244
331
98
177
339
219
460
312
35
455
67
185
127
25
151
282
378
22
291
466
489
442
141
301
320
332
134
374
170
239
423
302
68
431
87
456
324
469
334
351
199
154
331
