10000
6655
3721
4603
8342
2012
9956
6497
897
7673
1496
2349
4454
6257
7787
1036
6493
268
9310
5694
1340
7016
1343
9060
1431
214
1152
701
9306
649
1576
5650
677
4491
9129
2734
3559
2289
2354
9538
9166
7472
8549
1016
9726
7136
139
9158
8304
4383
6039
6613
5165
7145
4376
1315
3164
7383
4515
1350
9288
965
8753
6498
9941
7209
9493
588
9220
3905
4240
208
6885
7451
6712
336
8316
4363
694
926
1640
9929
4944
4381
3856
7529
7015
6866
3134
8847
3505
7888
7137
3394
2633
5973
2653
7136
8789
8271
2134
2482
3096
2563
7309
3266
9977
2063
1017
3754
4661
1678
5914
4079
2689
1660
2075
4062
386
3290
5110
1494
8416
9317
7884
5942
5688
9314
6820
3528
1905
8237
2052
2494
9233
9394
7486
267
3249
6907
6029
9974
4542
1020
7105
8171
5154
9003
1894
4258
5683
4131
3883
3604
4297
4219
130
1627
8758
2195
5315
8105
5713
6367
6135
1724
7491
7767
9954
5200
6182
9629
655
2694
3979
1761
1138
6004
203
9314
26
6173
5232
1669
5270
5922
7109
9067
2650
5080
5515
4558
3730
8444
3533
8124
3414
5733
6614
7944
3806
7273
9346
2877
7912
7666
9442
5444
6040
2770
9380
7848
5055
5637
8659
2456
8879
6119
330
2685
7165
406
9695
620
1448
2888
7902
1326
7562
3391
2642
7230
3629
2620
5291
7187
7151
8419
4701
3423
2553
6126
3446
3287
1276
4564
8418
6243
9805
6027
1122
4552
1731
3323
634
5029
6110
5637
7802
4443
9658
9652
9984
3361
3332
1539
1323
5446
7901
7328
1891
4712
749
655
2375
8357
2090
5409
5335
9824
6936
4407
324
966
1811
7329
6036
9473
1915
6124
1434
2764
959
7244
342
3881
6782
4022
2889
2896
9865
1777
8748
2600
653
9565
5361
6443
8304
6709
297
421
2954
2481
9063
8877
3046
2000
5366
1607
3016
5172
1751
7769
4593
2206
6557
6765
7169
4219
189
2663
1852
7999
303
4647
1617
6833
8042
6049
5367
2007
9792
2299
6024
2868
3845
4822
5715
1919
1990
7825
1196
3301
2615
2218
8327
1122
3230
9799
5941
1516
7102
228
78
2768
7190
1613
1248
2290
8044
8030
8902
927
372
1226
877
7877
1461
5993
4739
3286
9341
1557
2656
728
4340
2295
7338
9424
1631
8429
2803
8384
5030
1727
8166
7871
5640
8530
8179
5464
6669
8364
870
6406
4189
3401
4959
6750
6847
9166
9677
7309
916
6668
2924
9060
4757
9303
4209
7553
330
7912
4019
832
748
4575
7149
6705
1949
3629
2065
1116
7207
8145
4479
4690
8995
2065
7814
8422
9691
9004
266
1277
1345
1294
8551
2369
2610
1363
8933
9260
7957
9471
1340
7955
4088
7918
2698
3216
3549
4951
3587
9861
9393
3590
3736
9806
9838
1963
1707
3222
6129
2525
5346
3020
2558
2306
4346
1656
1394
19
605
4377
1514
300
3079
4081
258
2178
2358
6355
9633
8200
4448
4779
2179
3267
5594
9087
134
5501
2694
3941
4281
4631
9468
917
6546
5314
1676
9312
5519
9167
1266
513
832
4629
3035
7698
9219
1204
6616
6690
527
1656
145
8647
6501
6400
7180
5951
8899
431
5086
7531
3179
9811
6288
9421
1973
196
1862
193
1376
5055
4828
1354
8574
2660
6033
9759
7377
5660
5065
2566
9392
1263
8894
8399
4207
6261
1959
1589
2446
4939
9755
640
6608
3208
4104
766
3726
33
8319
6083
7341
6282
5378
8367
238
3327
3457
7071
5893
6866
241
102
2220
4
5470
5134
1897
2313
3570
505
2685
5943
295
4077
2030
9552
1385
3263
6135
2177
7184
5695
5470
4874
6109
9093
1383
4302
4946
7210
4071
1261
6551
9803
5068
6833
1210
2409
9851
3605
5830
516
9897
4637
2392
1113
4430
8689
1246
5769
8055
2716
3920
1900
7035
9669
388
1622
1473
7531
5629
3609
5968
2102
3043
8875
2358
7740
4633
7946
3101
1537
1659
9981
6123
947
8918
876
4169
1125
1436
451
1174
6473
6712
35
2525
7396
1760
4585
1732
924
9961
4931
4854
1605
8942
8912
1348
6381
9124
1928
7591
5397
6920
3340
73
3537
7610
6031
1893
6946
9886
21
5548
9778
304
4058
1642
7134
104
2695
4520
1131
7886
4000
7683
498
2576
9282
6588
6222
8018
395
4018
9593
6581
42
7757
2577
6155
2329
6396
8592
858
7735
1297
2157
7695
8699
539
5853
8245
1206
2261
1838
3142
7801
3389
2933
7984
9895
3768
6694
3980
156
6756
884
3019
1150
8014
1434
1570
754
3988
9161
9865
5698
1374
2947
2910
1774
7353
5639
878
8689
211
4398
7719
3013
126
950
5543
3977
1407
3196
5161
3874
2166
1151
8786
9968
2515
515
3591
3683
4663
1332
450
8253
7097
4683
996
3561
3898
8165
5644
8717
9227
2738
7401
6012
2493
636
8573
831
5321
937
738
2213
3057
162
1074
8649
1302
6197
1281
8723
7628
8440
7405
1361
4315
1407
8026
9574
3976
5759
9287
6484
2995
8452
6229
103
4306
4272
9497
4770
9693
2789
9215
8926
4219
7269
6177
9887
8942
9128
6425
2106
1307
3406
1860
1524
2781
5893
3863
8413
7833
333
3190
4957
8036
2938
2034
7213
5828
954
6451
1721
8773
1432
6279
1300
1358
2480
6106
6925
3907
388
7366
2528
7804
1502
5116
7488
9541
9654
3860
3908
7703
1687
1682
416
3703
797
3674
38
9309
7666
1140
7084
7944
9978
6947
9711
4929
2618
1971
9080
1965
3632
3473
78
6742
1423
5888
5149
4476
8474
9929
9589
6728
4740
962
9686
4946
901
5490
7130
676
6512
3748
643
4350
8578
26
9768
1835
5165
7828
3450
4484
182
2370
2843
1427
1451
1990
2641
5835
4105
2237
7608
5574
6765
1871
2902
9551
5322
8388
9506
609
1947
3562
7191
9039
6121
7045
1238
966
2719
1303
3210
2896
8396
2704
7536
8843
2216
4182
1414
6393
7035
6440
5347
5816
154
2656
3512
5365
404
1528
5109
700
3548
1743
7599
356
7463
6092
3585
2121
7465
1265
9313
7001
2603
4147
7796
724
9471
5097
8996
2829
2023
292
4352
3782
5187
1742
5509
8603
6762
7862
8812
62
8779
7930
516
2243
8964
3510
433
9852
2243
156
8789
3896
8634
164
6959
5255
2392
7543
3457
1889
7030
7030
326
9480
1728
1121
6196
5547
5445
5829
2414
8717
4688
2564
669
1477
8488
2203
5103
2391
2244
6128
9216
1811
1059
5243
8057
2604
1435
3431
647
4844
4289
8153
1438
2134
7528
6800
653
8076
1773
3197
1875
5906
8979
4565
6098
7666
2634
5028
5074
2722
5014
901
1482
6275
3180
9359
5515
3851
480
7618
5261
2406
7533
6179
2783
184
2693
2820
5576
8134
9802
455
5619
2853
8939
1956
9851
8787
3971
4169
291
7509
3215
7442
4249
8417
2575
6281
6220
2061
1294
9599
2540
4279
3701
2956
849
4054
7981
1700
2670
8801
2324
4651
8999
9999
9746
169
6593
7342
2107
5601
9321
2632
168
2287
5031
2195
2786
3569
8452
5048
6926
7975
5499
1303
4000
285
1820
7848
969
7833
4182
4917
9170
8320
5990
8694
8926
4814
5995
4205
7082
5253
8732
419
6009
2149
1884
7171
6094
7037
5724
6006
9384
7058
3234
9918
1141
6526
4345
2119
7120
7482
1209
5226
7837
559
1336
7812
9128
7832
3809
8614
8744
1148
3716
719
1529
1148
638
2967
6282
3528
171
1181
4724
263
5385
8324
1037
3830
8463
4937
9788
9856
2622
5768
5629
8719
5638
7135
8119
6882
3564
4339
7373
1263
9162
5986
7106
811
439
4809
5872
904
9161
2199
2426
8414
7673
1393
3872
7070
1142
2519
1907
6034
7837
951
3050
8409
1959
1201
1557
8722
402
747
288
8438
9653
4502
1002
1771
9279
752
8886
8054
1455
5435
8785
2512
3593
1293
1334
445
1815
3066
4302
1737
5118
2479
4876
4564
7523
8225
1912
288
8942
8342
778
2696
1165
9921
3834
4835
156
4452
8085
2121
2740
9248
755
2661
9953
5793
8310
876
4073
9528
2917
2861
7738
425
1850
2073
2019
8406
5081
3157
2645
9387
867
3389
4907
7885
6874
988
9384
9628
4965
9578
1168
144
406
9140
4106
9955
3962
4610
2900
3003
6048
9941
5048
4923
3454
5152
6525
5626
9312
6312
1057
52
4083
8127
3478
8784
8209
7549
6586
5602
2526
9616
6284
7682
3859
6870
2251
9981
8952
6152
1281
9337
4343
8154
9712
1711
8974
6272
1820
8516
9669
611
1497
1032
2689
5539
6406
1156
3817
7551
4699
1757
2503
2452
95
4030
8961
8179
2828
2133
9913
5494
3591
3596
1873
4547
2171
2123
2595
8929
8373
9388
7408
4315
9062
1391
3223
2516
2916
1056
7560
3130
9970
5845
2602
7629
6001
8876
2074
34
5894
5509
2213
9187
1134
4523
9527
1881
1712
4793
8309
4877
818
2538
3368
5866
463
3026
5419
5272
1927
8219
2887
3829
3655
5682
7565
1876
9866
1124
2980
6811
6512
4803
5491
4807
9375
5614
3313
2019
9863
6719
6075
2425
7946
3174
742
5576
7420
3431
518
2743
983
1599
1134
9369
8626
1917
5337
9553
1715
3358
9352
7527
5826
7545
5357
8188
1776
1277
9895
4234
7001
7735
127
2608
1014
6792
7842
8397
4965
167
8496
4890
2860
6595
8757
8573
2764
6332
8134
9435
8499
146
142
3070
5525
1326
8921
6183
4892
7904
5521
5206
9581
504
5127
8552
8204
7033
3636
9456
4211
3626
6369
8233
7263
591
1796
442
28
2472
6907
2395
6866
5273
6030
39
608
2105
2032
9443
3272
3871
8790
718
6299
7754
2780
3337
1862
9519
6676
8521
4045
2569
8816
4779
2519
187
6946
1383
7690
2250
8578
7560
393
3433
8976
1371
2155
5908
9274
9638
5630
1234
1728
5035
7467
3349
3526
6604
1260
1859
634
7233
9435
282
326
3096
4957
2895
3256
6909
8031
5944
4337
2315
6815
6843
1595
177
719
4358
9502
1160
7605
1265
405
5988
8406
5681
9308
1785
8133
5342
4301
7408
3126
6726
1355
7242
2296
3747
4894
8244
2178
1131
4113
7835
3565
4168
8856
6978
4002
1911
4774
3266
6230
4452
7086
7122
515
4278
2504
5031
8377
470
1590
8269
3941
854
1095
2294
9184
4224
1148
5715
1803
988
3802
6321
5001
7750
3615
6933
1951
3087
1416
5164
6535
499
8082
8316
5739
5964
8064
1823
9280
9733
8765
8145
1248
5521
242
2663
9965
6716
890
7058
1891
8754
6339
8229
2413
1919
1080
7075
3355
3542
4493
9853
4946
5559
363
2395
9333
5931
8605
360
6130
6529
2746
1075
4960
878
8227
2707
3144
3904
6415
4650
7969
8804
5094
7806
4017
217
1579
148
2016
3461
7805
1357
2047
7766
3247
9590
9865
9435
6551
8171
2840
1780
7268
7436
1068
5447
452
578
9688
6613
9604
8275
6109
2812
473
7556
2187
2638
559
2463
581
4162
3888
7494
884
1705
3943
9238
3679
7332
294
5503
5786
7317
6724
547
3340
579
2123
989
1957
7649
7457
7892
1232
8049
8853
1008
4533
1157
5821
6045
2242
4262
9550
1566
8667
5641
9243
8083
3200
3311
1425
1933
2734
9723
7859
2833
1625
2154
6113
6908
2008
1806
2094
9798
497
1851
8114
1018
54
8662
3053
2021
7968
746
4798
3437
2300
2588
3827
5812
4163
3890
1345
2525
6686
9264
2535
2430
6313
5491
2334
6790
8824
322
7987
3233
9912
9922
4872
4858
1911
5560
3063
7232
4806
7892
6681
1228
5613
4780
263
1218
80
8422
7423
6134
9265
8187
4968
1041
1111
2136
2201
8420
1085
8119
7495
4844
8797
8030
4478
7430
1263
3173
6243
2085
348
1118
5447
4082
6600
5360
7934
7732
7776
9092
5761
7104
4560
2420
32
8850
4728
3072
7564
2301
6096
4868
8100
383
1481
311
6558
6361
2358
7572
873
9933
1035
3134
2848
2169
180
4992
6881
1731
154
6451
8431
6341
6354
9875
2181
2379
262
8276
77
8266
1928
3920
9632
8547
6675
5429
6702
7529
7444
8509
3120
8768
2778
5022
2140
6678
3738
8019
9496
8694
7894
1114
7315
3002
7055
4912
993
1089
5816
1626
4597
1634
2509
613
7044
7136
9796
3184
6471
3374
2930
4952
8737
3989
5873
5156
5314
7059
8817
5235
6059
7046
7757
3763
1955
42
1535
6643
1162
783
2806
7067
252
8750
1463
9498
408
4125
642
3440
4465
7362
9383
7854
1364
5636
5625
282
3099
9320
3889
9415
3666
1547
1510
3445
1704
8667
4363
2325
2505
8507
425
1375
9369
6982
2111
8807
4915
4899
9559
1661
5251
1210
9836
1845
6993
8391
3417
2743
7727
4956
1587
2551
5604
2668
2537
2039
1882
1109
1498
6732
9957
9341
2248
1391
1318
7489
7468
8756
879
6714
9131
6144
2135
4897
1479
3542
9503
7107
8409
9411
7398
2024
9773
315
9211
2753
1998
4259
1009
3393
1365
8321
3576
9614
8556
7857
1433
2456
9175
8777
962
7001
9093
5247
2691
7724
5666
6010
2360
5747
3073
8294
7352
4068
2170
363
2477
6020
8830
4880
181
7031
6546
1997
8536
1990
1243
510
1019
9554
4103
1983
5717
5064
8653
2932
7696
1718
8981
1527
9682
8445
8730
7464
3260
8423
3263
9568
8515
9626
816
9814
925
94
6555
182
9598
9308
5519
5759
1188
3016
516
3468
5280
7616
5867
1525
2198
2693
6630
1591
5174
9513
1707
593
604
681
3398
1248
20
2606
9053
6733
9043
8911
600
678
2178
6281
4368
4539
6252
5329
1910
7545
442
6009
9335
652
2749
257
6287
1376
428
9600
1645
4185
2526
2996
5382
7940
7578
8630
9644
9982
765
833
2047
1571
6812
564
1316
8921
6490
6
4870
4974
4349
4538
970
2768
6332
9507
2552
812
2155
2298
8727
7576
1979
3005
8951
8629
9659
4314
2005
8431
7668
1469
1194
1863
851
1686
1509
2739
6456
1582
9515
8500
2495
1068
3228
5928
9740
2099
1415
6273
6653
3070
1985
166
7882
2143
8002
4281
1552
5379
7168
9321
6223
5754
800
2536
5073
3814
9562
9264
4972
1155
1821
1777
1033
1942
1875
3790
2965
7944
6870
3353
3640
325
8227
2492
7893
95
6126
2314
1969
2185
5638
7188
2712
8577
2250
1024
9836
5757
1708
7992
1295
7002
229
5983
2931
2609
457
2841
271
5211
8764
1323
6885
8806
4806
2384
1170
344
6611
9358
9206
803
9534
4937
6613
6922
4927
6742
3389
9267
4722
7858
8953
5037
106
5972
1812
3156
6901
9633
4658
5859
2178
1439
6348
3434
5153
3276
2843
7392
4138
8495
6679
874
8752
1070
1679
7724
6839
2786
6332
5199
3156
6792
209
8356
8212
282
886
6616
5840
6318
7862
5641
3583
6941
6037
2072
476
1430
7846
1231
3082
4787
2923
7749
3733
8621
7630
7248
5691
4236
4384
4586
7642
9393
1601
9382
6540
7736
6783
2357
3521
7880
7586
8564
4683
4749
615
3385
8064
8712
6011
1182
283
6980
1595
5885
3764
4524
8458
13
8881
2620
8387
331
2125
2022
95
8796
1241
5302
184
2690
6736
2135
5807
4125
3039
8231
9868
7285
5748
4280
9748
2053
1205
5801
8703
2681
3141
3013
1354
8796
2436
8682
4299
5515
8324
4941
2468
5534
2627
4699
2425
4568
2821
5267
6005
1148
4209
5507
3162
7251
4672
1200
1895
2443
1009
8426
911
1874
2241
3919
7784
164
3145
2382
3201
5089
1272
2943
8696
5091
706
8561
2730
2350
2425
7988
4860
9480
2379
8377
522
2475
6525
1527
2334
6441
4551
4015
1699
5680
1983
7137
7946
1710
3658
128
8525
4182
2080
9188
258
1219
5183
7039
4371
9501
9507
4915
6091
8922
6965
7857
7091
4022
3537
6757
4143
4694
6381
8176
5202
9882
9367
933
3545
2049
9086
7545
8823
2561
2404
9669
7372
3159
9921
3965
6811
5196
8571
2422
6620
4137
6006
6948
2063
7596
6791
145
4675
8875
9677
197
7910
440
6401
3634
2253
822
8701
2239
534
1868
1676
3208
8988
2247
2945
2388
9099
4948
7434
3559
4869
2510
2774
2328
3588
3541
2372
6085
17
8912
78
6886
1429
6260
3942
9168
3246
3157
4240
2731
2451
3916
8177
1462
1099
2538
7510
9034
9867
7213
4455
364
3535
2448
1933
9894
6636
5143
9682
3496
4995
2988
152
5963
2488
2579
621
1527
7203
3509
6062
2294
5718
7931
7962
1688
7361
1881
8264
920
3939
5086
1306
1551
1282
8920
7844
7527
1293
2029
6968
2434
5935
1383
2164
7133
2934
7584
1151
303
773
4591
2527
3414
9367
2241
399
1205
1238
6379
6783
438
187
3535
204
3126
2742
9614
1794
9553
9999
2301
7487
3020
5134
8794
2537
9314
4201
5793
8019
688
4876
7370
7852
9493
318
885
5400
2932
2161
8697
4340
4733
8138
473
9444
1163
9586
1545
1999
3982
8620
4863
7805
972
9160
7549
1856
2339
1143
206
9793
7939
3632
3839
4252
8682
9539
1472
8958
5391
8300
4219
9134
163
9673
148
5098
101
6687
4449
6372
9109
9835
4333
7805
4843
7781
7159
3167
9097
2665
160
2817
2910
8201
9781
2567
8348
4189
2858
4841
4397
9325
4888
3525
2305
4560
5287
2087
9979
5958
7392
4215
5838
1443
2732
676
3249
572
6465
3680
5082
6631
7935
5052
6522
2942
2005
3334
9541
1013
4698
2895
6902
3645
6441
2338
416
2151
2187
4802
5367
9740
4923
7299
8128
9133
1191
156
407
7543
5331
299
3312
9417
4914
3929
832
9257
2807
6784
5292
1875
2360
6282
4386
8403
7333
4556
2967
6918
7320
4787
4736
7420
2621
1549
853
3713
1011
6060
8899
204
6340
6854
6017
6359
2658
5728
9654
8976
3810
77
5081
8223
3085
401
2232
2249
5348
3323
3181
6756
101
8594
1086
4349
9852
2591
5332
8343
8139
444
8607
4340
4172
8571
6343
6840
4598
2810
710
972
2127
1765
7604
7697
4289
7805
355
5333
992
4248
5196
843
6282
552
8553
150
1472
208
405
8534
5925
9749
2241
1703
6228
8673
4953
901
9879
9774
9014
2853
5893
5633
773
1984
2491
517
7032
1009
1327
9865
5131
4545
1792
3836
8569
7648
4434
6649
288
455
2361
2654
8115
5548
3700
6241
6191
934
1212
2836
7952
8194
4269
9624
1716
3429
1620
9409
608
6899
4441
4105
8322
47
7199
4935
8166
1171
2874
2785
2253
9859
7312
9455
140
5101
8803
2818
849
4451
7022
5989
8202
2077
206
5843
1241
6728
1315
3129
7795
9364
6679
3357
3785
189
478
5344
9977
9319
255
7488
8949
383
6354
2688
5059
3856
4778
2412
1703
4084
2069
3768
1582
1084
4913
6088
4908
1697
2017
9174
2601
9035
5409
943
5288
162
4246
5407
6696
6660
8297
5486
7774
790
4166
3738
6914
1278
5888
4887
745
7584
9592
6789
1667
536
3389
9090
1958
504
2646
47
4635
6978
1790
7110
3047
4744
1295
6012
6620
6497
2514
6740
8113
2191
69
7301
3648
8335
7422
5340
3647
7825
6399
3445
1473
1721
6123
502
3613
8740
1225
7100
1871
1295
8006
6267
3726
2133
751
5824
878
3639
6672
5369
262
8049
6326
311
4965
7499
2924
5794
833
29
2244
974
3008
2966
7395
8446
4778
3279
5954
6694
9583
6059
8963
2516
437
114
225
9586
3428
1630
2795
2421
6502
2485
1538
6858
4473
9977
2497
2434
3639
1773
1516
4395
9416
8569
8044
6897
5110
4415
4139
1268
5873
6846
1658
4124
3812
4359
891
8122
1064
8286
2236
8641
8327
9203
17
501
3076
178
8965
5603
8153
6824
3250
9265
3905
6024
8863
5063
5175
333
6025
9342
9983
736
1350
4584
2627
7355
9638
4497
8944
1855
6298
1700
3683
2563
5178
880
7278
2319
4481
3645
6912
7464
6652
4458
5283
5404
9971
9081
3063
496
3735
1677
8447
8008
6013
8786
411
7784
2457
3390
6758
4856
8382
662
2497
3741
7845
6484
6415
6581
9453
760
1666
4931
7266
4925
5190
7213
2513
2014
7773
6098
9562
648
7867
5983
2951
3009
4370
1140
5517
7257
8097
6851
1840
7056
5608
4568
9019
5272
2656
9119
9776
6381
7848
7282
9117
3394
867
691
352
1086
288
9609
7677
9175
8746
7950
493
4301
6466
8040
2393
1866
8313
2294
2119
2105
1378
1998
6036
9589
999
356
675
1331
8411
7693
2565
8674
6848
4885
6681
449
5274
4158
6886
5187
6116
5931
2455
5567
2337
6988
2998
762
9430
986
156
5657
1846
9797
4711
4017
4813
6683
5630
8898
4449
4460
8145
4580
6038
6508
5716
9488
4914
5225
8941
8226
609
6222
9212
2174
6841
8839
5723
9104
2463
390
2374
2792
8268
7926
7197
4758
1995
5997
3607
3763
1812
6535
1034
3776
6942
2080
4392
3442
2304
6178
4699
5615
8457
8321
6629
3650
4048
2339
8065
4293
7870
2244
4526
5519
8348
392
5821
252
4343
466
2905
301
5563
9685
1047
2239
2590
5785
8974
2784
2524
2737
5192
2447
8724
8762
7129
1988
4480
3046
2160
5344
2330
7018
620
4469
1774
4629
4784
3321
955
2690
7306
2584
4446
4799
945
952
9920
7151
3981
2145
7102
2973
3323
8204
538
4515
1393
7802
640
2713
319
3513
1964
9457
5687
8275
7450
7651
1230
6263
989
2309
1619
1612
1956
3421
7055
6979
395
602
2190
3085
4014
8383
2173
9069
1395
2354
8356
6943
1480
9908
9495
8904
4650
4737
3015
4192
5192
1595
4174
222
7511
4930
1675
9778
2503
6679
4186
3465
9382
369
2936
6860
5988
1744
6694
8378
8855
2255
747
2184
5168
8319
8511
2166
9405
610
2453
1940
9568
949
7273
9652
5344
434
9867
1937
2478
3589
6250
1329
1243
3885
1044
8887
9432
2021
2012
8940
6078
2932
5086
4927
3552
9522
1904
7258
2541
9724
9337
5399
4362
3625
8822
6787
3216
9133
1306
9874
257
5518
4566
2035
7009
2854
2361
1509
9971
537
5130
5178
6289
136
3380
1803
6000
4676
7777
8685
5971
4534
26
914
9806
1583
62
9938
4382
1147
7665
2300
664
6188
5094
5896
5008
4948
2065
9535
2443
8195
3222
6525
1078
50
1430
6373
2792
8366
7179
1493
9973
6233
209
3452
2581
206
1336
5194
468
9796
1639
2087
9435
2741
1204
5462
9168
2111
2513
9163
8137
3786
5337
1259
2103
8667
6059
6355
6192
9224
1333
6812
9357
1981
2758
3213
1349
1695
3165
258
5929
2671
8645
1803
2595
6370
3669
4904
3481
2254
8163
3523
326
1223
7930
8206
1082
2411
5116
6400
4912
6538
5033
6314
65
3210
2639
1790
1224
1674
708
2306
8053
3334
8963
3713
4310
1690
5140
6163
7539
4795
1727
975
1496
2306
4865
1198
3641
9210
1936
849
9649
4716
1548
2213
8107
4552
311
470
6532
2583
998
7362
9729
6847
56
1472
6269
135
5671
4497
6534
5116
1404
2965
2281
2883
4648
5681
9930
1263
1952
8208
2009
3285
488
2807
2321
4910
20
237
819
4750
4011
4763
1139
7011
8717
1200
1073
3791
5494
5705
2954
5641
4723
4479
6368
7761
421
2113
5703
9507
548
9444
1121
1358
7173
6935
4381
4694
7039
3468
1308
6390
1594
7156
6372
9130
2761
410
6072
9867
6714
8899
3191
9228
7468
6356
2820
5798
5504
2565
9543
8079
2435
4149
7026
1471
3258
1214
4326
7510
4895
5002
7206
2536
236
2198
1276
4475
5493
1845
2300
5155
6075
6504
5398
5772
910
9133
991
6504
5090
8582
5634
8152
7813
9916
4514
7440
576
8339
2260
4007
8141
3839
2475
8876
6600
3623
68
8592
4008
9641
3
7103
496
1487
6093
1136
113
273
1144
6208
1779
6091
992
9641
7907
2960
2059
2041
8367
4318
8351
800
5120
8676
6450
6218
1991
1249
5330
2991
9195
4863
1415
9975
6002
129
166
5457
9470
9704
9991
7429
42
3260
5465
8425
7733
9193
116
7634
7742
8472
1135
3243
5201
9599
5987
7722
9584
2668
6944
689
7430
8270
9678
1458
4328
2020
7031
2071
557
5979
8996
6737
63
7105
8965
1887
562
4223
5588
3394
9989
5127
1980
8190
3239
1931
4390
1668
2732
8782
7620
6205
1648
7550
5458
6057
6315
1762
4474
5818
7045
2880
6071
4122
8364
2419
2540
6148
6227
5051
4597
7458
1037
229
5086
1235
651
5149
4179
1455
2195
1041
8440
29
274
7320
330
1700
210
8338
5877
5809
5327
5586
8344
6394
1638
73
4534
1600
7280
1141
6942
2010
1454
1962
4717
6703
7109
2895
4322
2836
7836
6972
547
4152
8291
6355
622
363
1670
205
1922
7126
8354
8966
3855
8247
3992
4252
8891
1835
64
1651
9943
4354
9215
125
3505
3197
6076
8504
3003
2219
2463
1880
7916
9301
6172
5895
6342
214
5455
202
1656
3583
7335
4822
932
2266
1400
1378
2387
4717
251
1599
1832
2449
6937
2294
6915
2516
9273
2240
7623
60
758
7148
2893
7709
948
1340
9482
3468
4804
641
6959
501
4502
1881
1583
3386
7246
5030
4631
6845
7930
4000
5593
6609
1875
6589
473
3499
9443
1296
2028
5774
4806
1936
2349
344
2372
5019
5714
5767
9293
8219
9775
1936
5878
3031
8729
8897
2323
5485
829
3557
821
6031
2354
9496
1462
4443
8076
5420
355
9791
2051
2827
1338
4253
7060
6909
9523
6187
2694
2333
3140
1871
7647
679
5743
9161
5576
1205
2063
177
9023
8923
6595
1794
6299
1663
7770
3367
917
4589
9568
1542
7205
2569
24
7114
5098
8614
9738
3797
62
3511
6270
2149
3722
3796
6634
1478
6246
3375
9305
3241
7315
1288
6717
9555
4220
478
7510
8649
8554
6054
131
4523
1752
8705
1336
9615
4599
5401
8609
3727
5603
4764
7718
1845
1205
4317
415
4726
4073
5287
1530
5965
2179
9427
6442
7274
5966
2268
9267
6122
613
3601
1652
3640
8102
5595
9763
1396
7603
5951
5519
3252
4619
9446
8386
2600
1673
6779
1669
2274
7147
4709
857
1877
2917
4694
9283
5374
9527
4643
7336
465
2317
6981
1994
3493
1717
7182
593
8178
678
448
877
4873
6095
491
4890
6597
1230
8918
6005
1649
1698
7296
9583
586
6131
6103
9776
135
4880
8633
2350
1366
4489
217
45
5608
671
2532
4825
688
3225
5044
3346
2488
3768
5956
5719
6564
9884
8278
8359
8379
1480
8290
1875
5012
9556
9711
3480
5837
1218
2087
652
130
8019
8838
2950
8443
6091
5827
5331
8502
8546
2931
5383
2456
9516
4553
1233
1310
2172
5602
6386
3849
3924
8049
6542
3081
992
310
9748
8153
6948
6277
2155
7531
6626
1572
4413
1845
4481
6372
9625
1741
1706
500
467
2529
2741
1810
1967
7418
996
3140
1534
4674
5678
4822
5336
4339
8303
8660
651
9682
4157
2059
2482
5964
6862
4187
3626
3663
2632
1359
5393
8300
6138
8416
335
156
9289
3911
3098
7553
2093
4642
9044
8862
2606
1977
9112
6105
489
9793
3125
2720
6919
2640
1898
5594
6415
2882
9107
368
8250
7564
2195
4923
872
7775
515
2479
8690
2159
7209
2153
1264
7061
6876
6885
7020
2465
6135
6244
6614
1940
1292
3723
1289
1885
2539
5439
4733
3666
6563
8128
5486
6882
7000
6131
2238
2249
2022
805
2455
1907
1525
7740
8211
4388
2317
608
3216
9896
4844
5931
5806
3142
5830
1612
4234
6010
3948
6754
5168
2980
6560
39
6012
1867
6951
2523
4930
5941
7968
3363
4080
235
677
1377
1632
6585
8144
7126
1938
7460
2784
2422
2793
4639
8443
9467
4708
815
5846
9644
5600
7070
2386
1662
2413
9117
5529
9707
9246
7229
1419
8083
7973
2735
1170
3441
1358
5114
3692
2160
7610
6238
442
749
7903
3639
4628
1758
878
8292
9824
1987
7814
2616
1123
4412
9255
1425
1926
4908
9
3223
9228
4284
3294
1191
2452
4851
53
177
3786
1125
4944
2430
179
2025
1528
4390
5369
3727
128
1713
2115
3281
5352
572
872
7706
7555
5631
4437
7589
5947
7004
2046
9287
2883
6970
306
9839
8748
708
7042
1901
4028
1820
6226
9601
9661
9875
5441
3701
6290
541
6358
2494
2895
7856
7996
5118
7545
4766
1535
8830
3084
5924
8775
6267
4332
6562
6228
3182
237
7147
331
3760
2471
847
1296
3981
3892
6280
644
5241
2412
1057
6370
7440
5188
8430
2644
1618
5906
5911
6331
7487
276
8839
9343
864
3377
1573
820
5735
8447
8672
7085
5671
1559
1072
8901
5142
3111
9595
5036
6065
7990
7429
5070
2017
5341
9452
5995
7406
1300
9571
6578
193
1979
5036
239
8414
6042
5964
4855
3362
138
426
6226
761
4566
871
1032
1907
4572
3477
9230
3591
1737
8945
5555
2361
3764
9587
247
6840
1609
296
7436
5195
5481
3613
7903
5646
9263
1582
984
3543
7670
7360
7695
1854
1210
2044
6018
6412
5597
1389
9333
2163
4347
13
5561
3454
6463
9002
3088
8442
8391
8831
8704
5750
902
9632
870
1751
1961
5397
2029
1535
700
4859
5231
1471
7661
5975
5130
5802
1872
5533
5239
7516
2965
4624
231
826
2280
1067
1535
3196
2424
5503
358
1193
6730
4126
397
7313
3966
9495
5454
7601
18
9811
3591
6291
9301
1936
4281
8836
9151
8539
5100
618
1184
7427
6582
6085
8422
8956
5324
6244
9234
226
8711
8636
8749
2398
1531
5381
8167
2781
3364
9158
8177
607
8562
7154
6268
1550
1255
6514
6017
5616
3629
6597
1810
5422
1805
8613
6625
6278
6286
6892
2495
9102
8555
1271
5575
1258
3113
3162
61
351
2503
324
4401
7145
1414
132
6841
1562
4011
8684
3886
9636
8258
4742
6869
3497
7733
5572
9760
3681
3438
9675
6166
2284
1017
2835
6961
7944
2238
328
2662
4117
2558
9605
5211
2519
9979
7154
6820
1068
5149
5739
2542
3279
2978
6804
7599
3356
838
8505
765
5013
7891
522
9583
580
7402
3143
4417
2273
7027
2408
8204
1111
6786
513
9957
6866
346
916
2917
2588
1910
1383
9065
2425
5574
8695
1690
127
7767
1197
8175
1161
6246
2288
2370
9918
886
7019
6129
1725
6624
5697
2598
1788
6922
2638
825
3522
5163
9968
6596
9922
6174
2630
8903
4457
3781
487
8813
8521
7040
743
590
679
6126
7525
5063
3041
356
8136
2039
820
1196
2347
972
5117
3807
6118
5597
95
9797
5328
5769
5829
2764
8738
7568
8264
200
7485
9551
8371
1818
319
2210
7461
6180
2946
182
6118
8268
7941
5997
2814
9167
9743
437
1794
5688
1633
4891
2929
3409
4939
4796
4350
8377
6114
3404
1470
7382
6384
2010
4629
2669
3645
68
3068
1616
7725
9463
7670
23
1194
3610
9698
5522
9428
4555
6563
8222
3173
4922
7103
1718
3673
7253
5717
8812
3406
3123
4899
1672
8041
741
135
336
7754
6794
6100
361
2432
8322
8566
8429
3200
4389
9434
3501
7106
3333
2056
1705
812
9201
6434
397
563
5932
9746
8350
2575
3501
1951
5974
1311
1208
7312
7436
7453
2317
5588
4136
99
1391
7569
5397
878
5144
7020
4600
945
5995
3256
1072
9629
2378
9010
7214
7104
73
5837
7607
1660
1379
6457
5911
8138
3627
6474
1224
3630
7702
3142
8452
2381
823
5790
3016
7852
1050
656
6873
6042
3749
5805
5899
785
6396
6119
5424
8953
3669
6813
7374
9246
7499
986
900
1234
198
283
9133
486
4075
8032
4310
1702
4144
2228
3549
2130
4579
2816
1099
6116
1483
4925
1476
1519
1567
3321
9307
8692
1622
7852
3083
1691
1599
5147
6916
1936
1266
2060
467
7228
5397
6571
2037
3574
6404
2700
8365
9497
3803
1939
148
5656
6070
961
3888
4079
5499
4911
1401
8603
822
3712
7575
4205
85
1745
2656
1275
7461
9173
1937
7448
8461
1039
4682
1510
6329
6446
3471
9048
5162
736
9613
2236
828
9376
7706
6793
4168
3922
3567
2358
7371
2578
8330
9771
3895
7863
3375
7212
7560
5181
7664
4211
2890
7987
9085
7645
4633
5058
589
424
2392
7888
3341
4202
5526
756
9368
8534
9150
2122
392
6091
1055
6681
7467
4686
2331
3780
2586
7401
2323
7694
6407
9428
9443
9937
5877
6579
8474
2480
7772
3808
7597
811
7276
5754
7453
803
7186
1485
6550
8319
249
5636
6408
4447
4515
1325
7531
6815
2057
892
7263
510
4335
8323
642
5375
1178
9841
4230
7775
3254
8232
7410
8425
84
6323
9271
342
2417
3911
3606
8985
2541
5449
1648
8346
6410
7072
1694
257
115
6429
6034
8710
9487
6665
142
2598
4902
5885
1956
5129
2675
7736
5133
1153
1451
6732
1166
5317
8189
6314
7623
7632
7690
2448
6974
1507
4727
5392
2620
8898
6112
5218
7046
6334
7312
7997
4431
7566
7982
7330
1995
9380
778
5209
5831
8157
4857
7504
9768
1256
2269
816
4274
9275
9912
3251
9034
4946
8450
292
3709
3498
2121
9861
5153
8702
6201
4711
61
8815
5149
9253
7301
6649
8020
8546
2937
4563
2039
8852
927
1575
9834
7313
3757
2131
8912
5865
923
3727
5668
4628
8425
9088
2310
2654
4429
7325
8115
9743
1952
2544
6617
8128
1113
2015
1192
1723
5481
2540
1292
2386
1401
345
3467
6243
7409
8688
5418
7995
7723
9106
181
3496
5832
6670
6334
7283
8161
532
3494
3806
2320
4763
6394
122
3119
7376
31
2029
2561
4688
865
2178
1008
5687
3161
6896
9399
2938
9485
7040
3729
6386
4892
841
7826
1514
9338
2670
3317
4539
9113
3691
8981
1910
9513
3868
9455
6978
6145
7295
6104
646
3870
6458
2171
6377
779
6336
1190
2072
1122
1792
6918
7065
2882
8382
9135
9325
8562
4662
1616
7914
1924
2271
8119
234
2030
3853
2705
8494
1317
5897
3637
8792
6138
3156
370
9079
2826
9401
2613
7556
9665
6275
16
6685
9102
6688
7319
8383
3965
7732
1228
9881
3521
4656
446
3647
8256
2565
7438
9180
9204
2292
8290
700
1758
4359
3693
7273
5982
2549
6334
9588
9936
3138
3896
4214
8681
8565
8306
7400
9299
1583
9536
6480
2902
7576
578
5868
6295
1116
4668
5876
869
1478
486
7755
1377
1852
6052
5094
4334
7243
616
9873
554
7492
2486
5438
8619
1207
2553
6591
6573
79
4836
4406
6475
2767
428
3819
5277
8619
4628
1614
2017
9002
9017
1773
6668
1578
3967
6264
1074
1028
3787
6083
1157
1377
5091
4028
3323
1278
1650
7677
7123
6780
5713
9940
9753
8044
1970
1458
5352
7273
6766
6241
5759
949
2739
1610
7559
1945
4246
7925
2340
1991
7007
7393
9642
994
5765
4311
7377
7057
7255
1114
2236
9407
8893
18
3959
4535
8318
5946
7696
7278
9747
1958
2616
5025
6108
2089
2233
2753
4609
1270
6137
8764
7036
1717
7696
5006
5013
4664
1703
4600
6622
6094
9761
2607
8625
1160
6654
3912
9878
3179
8974
2995
5913
7157
4979
1173
9180
6771
970
3499
4761
8146
7884
6059
3466
1237
5263
701
5324
4119
5698
6043
7073
3313
8570
725
69
542
8342
8391
5428
6092
5177
5711
2362
1510
5417
2650
2075
720
8468
3374
852
2755
7635
6365
8721
1338
8849
3368
97
6828
2333
1298
1526
2203
5789
2263
370
9387
1398
3501
3807
8055
7786
3642
7101
5345
8370
8790
7745
7736
7052
2962
1019
9951
86
8249
825
1676
444
9686
3019
2062
286
822
5735
931
5109
5423
3118
5112
8375
8082
6686
2242
9305
1933
5657
6877
1221
2243
1974
3123
6237
5312
9847
1407
2878
824
635
7875
3064
7727
3156
8679
7341
6687
1051
1938
5704
8101
6658
1949
928
4284
1339
2262
8797
2655
4472
3907
4923
665
1683
8153
4860
399
5598
6683
9987
6512
9069
7062
750
6332
4323
6189
1459
435
1658
8096
543
9583
7479
4786
3658
2037
637
5995
8047
4808
1969
2123
1675
559
8318
1137
2788
9591
4058
459
1100
8283
5416
639
4101
7428
2320
3689
5240
764
9036
2085
849
6087
6820
8095
3037
4580
4748
57
8166
9856
3020
9565
7246
1741
8928
8052
2603
9489
1921
2535
2242
9649
6261
436
9207
943
3858
930
3155
305
8569
9784
8871
9061
5136
4236
2944
1234
2208
5336
219
7888
7249
9393
7579
6267
8930
7450
8985
8084
7869
7830
9612
200
9322
5326
409
965
403
7250
5388
1611
7401
8579
648
1343
9333
688
1899
1862
4385
383
134
1455
2424
9887
6027
7810
8266
1083
9335
296
9797
849
9587
2842
6849
2916
1381
2975
7098
7104
8461
9472
9348
7356
6013
9935
2762
4516
8599
6872
2711
9095
3790
38
1065
4446
3350
584
8018
9439
4845
3510
9281
3984
414
5487
4992
4016
1283
7684
1071
2835
9067
1995
7218
3740
4749
4300
3527
3440
844
9984
6986
264
859
44
2140
4359
9411
9352
2097
1741
498
9268
2649
283
2214
2125
4433
9240
299
7197
5899
9140
8545
593
491
1323
8737
831
644
7532
6609
5463
4306
5258
7574
2041
6601
7730
7018
9415
1710
7022
3999
6045
9909
9610
8051
5598
4219
2405
9636
6081
4372
5835
8405
9996
3176
7968
5345
79
7881
1983
8511
884
2904
5876
119
9061
1848
551
853
2159
9203
9210
2379
6470
285
6948
2860
8217
3462
6064
1526
296
5731
7855
6495
2707
7647
277
2964
2292
9918
1571
9341
7135
8306
5424
4005
5529
8962
2237
233
9511
4215
2041
927
5641
7753
7939
1753
3911
6874
7038
4762
8266
1200
5258
9144
78
6345
3584
1010
1878
8955
7262
996
5649
1642
1476
5769
1100
6541
718
193
6712
4754
7987
3187
5581
1665
5037
1716
7151
1999
8122
8088
2576
8452
7682
9016
1238
7311
1962
5461
5710
872
4073
5548
3937
6870
4809
203
1286
1330
112
9330
6777
6124
2719
6494
2475
1661
4123
1602
185
1981
6378
9575
9969
4373
8192
6182
8626
1415
3755
5011
4819
7997
7676
9708
4519
784
3239
353
9600
7594
9660
6423
8802
4765
1719
1976
6665
3829
5124
8750
1341
28
2072
8320
2421
2301
9436
891
5226
2363
507
2148
4398
4642
3326
4829
5996
1310
7782
5830
8177
3275
8186
422
5195
7181
8129
3482
6497
5170
4162
6830
5028
4948
6970
6138
6069
7554
6414
8030
103
9458
8033
385
2101
1568
6937
2438
3047
5370
957
4496
4385
8303
6865
2152
6141
7173
7670
4188
6171
202
4171
4154
7893
8381
9881
6942
8440
9134
4781
1592
96
9299
887
9793
2514
1517
1235
5935
5360
3787
6789
5240
9753
3517
299
7076
7903
2443
6494
2757
5117
7126
3208
1979
5433
2031
44
131
9526
8024
2547
4048
5357
2392
2355
397
8845
915
5141
8898
1472
216
8038
7973
7200
4508
2670
834
58
760
2256
8878
4161
591
9985
3433
3686
8739
8205
594
6248
1656
7302
1439
9350
1000
4462
1549
2300
5400
1623
1237
4926
8379
6200
3632
2110
8854
3283
940
7188
4420
4117
8799
3823
2763
30
9051
2007
8639
9378
5315
5220
9445
63
5517
1620
1291
3504
3624
8249
2598
1537
4112
8114
4827
4275
4176
2332
2274
3794
5079
2727
5160
2742
1487
4317
3956
6759
1242
3057
4701
4548
3997
1685
7257
1430
7137
3950
6729
1744
9719
3452
3811
3626
9484
1204
4480
1231
9822
1568
5240
6515
2814
651
3706
1993
5238
7253
9233
4243
2589
7278
1027
3435
136
8880
4635
4354
4564
9741
6378
184
5025
9899
2329
8987
5025
445
2322
3075
7345
8757
7440
573
1111
5478
1924
6
3837
6703
7338
603
3085
1188
3483
31
8254
5903
8643
5213
3469
7400
9366
1326
4687
3744
655
1068
278
9860
6169
6248
1778
4224
2242
8522
4346
7810
1741
6423
2092
897
8998
4615
4593
9086
1835
1528
3892
2617
4489
4429
6933
6951
421
9179
5944
5298
4973
1205
9427
9554
6670
1462
6409
3531
534
2496
1536
6023
3452
4082
8602
7765
4159
2943
6386
4113
381
2157
853
1975
7670
3083
9907
7890
2639
3719
8757
4570
6219
3086
9602
7406
2839
933
8317
3629
1348
4216
9105
4571
7419
5633
224
9394
6444
9067
5144
4423
88
2119
9495
2159
1824
7375
7520
4098
3645
6425
4110
1263
6241
1055
4265
144
3757
5613
2839
8398
5701
4362
5348
2920
1297
1386
4837
7569
4229
4354
9418
9784
8148
7582
5666
8283
2576
8625
6771
4462
2197
7515
9546
6473
1639
3503
2592
9504
1336
5189
4638
1415
3823
2125
5970
4917
9414
8694
4114
8232
2338
8062
5168
9434
8424
1754
9007
2387
7534
4968
2069
1182
4352
1475
866
6528
2693
5015
96
3303
7553
5318
5563
415
7931
5659
9618
3883
626
6412
751
9794
6507
1797
1299
4231
2078
1043
7414
7901
5219
733
7998
7003
4535
3226
2125
3613
4435
4223
5232
2668
8286
8696
2325
2831
3922
7162
8509
1985
3853
3830
2931
2052
2761
2288
283
8342
5869
3360
2574
6259
1669
9832
8245
3516
7232
4728
1172
679
5577
5951
8329
6503
1177
1219
1589
3021
4138
9491
571
4703
4687
2810
2630
4504
8034
5846
3072
8176
2158
3658
7200
7517
1070
5761
3907
89
2533
9445
6878
6535
1280
6303
9891
9793
7768
5823
6579
2275
5677
5086
8371
5293
7712
2881
8385
6341
8479
2209
6953
1755
7831
4553
2259
8657
7892
5440
6255
3867
3357
1272
6372
2451
1454
342
9525
8065
4133
5875
1542
1577
9313
7042
3581
3092
1416
611
1452
8147
2233
695
9390
7649
3681
5701
2512
1897
1985
5373
1202
3609
5455
3915
574
3861
9692
4413
2552
159
1943
1784
8982
533
7808
809
3586
7979
8815
8536
4110
2971
1110
5745
2488
2202
564
2726
974
8077
6252
9951
6531
3083
181
4276
4195
8661
1571
8284
627
8227
4006
2695
5196
9521
7601
4185
2106
378
6830
695
736
788
1680
9687
5759
5069
6632
8291
4454
7731
6205
383
7435
9370
6182
764
1899
8905
3577
4075
5583
2198
4890
950
4736
2004
9884
2859
8572
6794
6907
2634
121
2966
8653
1665
6122
4754
3942
5494
784
1093
411
4069
2050
2861
474
3291
3216
811
2488
9026
9428
5311
298
8701
3178
6679
6761
7639
1521
1506
8863
3095
5922
3338
7031
4247
9601
4769
1844
1701
3283
5322
5584
5225
2079
28
8441
7736
7623
3059
455
2729
505
6887
6000
8534
2656
9169
7855
6149
4129
4875
2579
631
7283
5431
2724
9584
5166
4707
2524
249
1831
8971
419
5955
4939
2351
7227
1485
1163
8487
9917
2663
102
4021
3364
7303
8029
9258
936
2204
2515
7803
766
1458
1603
1397
3630
7717
6423
1935
3764
4282
7334
5823
2828
714
2685
4623
7880
3424
897
6865
4228
8661
1380
9889
6588
3369
711
6426
1292
9205
4671
1740
39
1599
2843
1389
1324
8270
8852
7133
6182
4607
8949
3822
9939
9079
6478
483
8744
1178
2148
7656
8723
8443
443
8211
2705
1060
374
9850
5121
137
3230
1445
3240
3048
450
8645
2134
4291
8110
9829
3225
9074
6863
2304
2560
8514
3189
8580
995
8339
1258
1717
5186
6545
2498
3252
1579
3440
484
7329
3376
4174
8232
7759
2648
6531
7665
9944
8836
2876
7261
4560
3941
8729
2282
8606
9020
8835
8795
3640
6946
2770
8363
7903
4617
3694
162
2587
5906
613
9990
1896
3457
1772
4356
6529
2302
4281
1519
5147
5118
4544
8472
9174
7441
4429
206
8687
3021
2210
6680
937
667
1073
1857
926
4464
7436
3458
7105
9519
346
1639
7973
1980
9581
6459
9683
4612
4498
1765
9352
7724
9401
4087
7597
8439
4694
1124
971
8556
8694
7635
6287
2903
8582
1153
7962
4159
433
7051
8236
5240
5752
4732
5218
6474
1063
1268
5230
7585
9654
250
1814
6006
5437
3859
8767
4478
619
4852
2507
3298
3465
7092
1584
6159
2138
9461
3116
2350
470
3013
726
5335
2071
1296
1911
4753
339
152
3416
2061
8188
8775
4253
2372
2997
2180
467
5934
8198
1157
1110
1365
6817
5124
2038
4073
1781
8245
7419
8597
5987
5287
9863
1058
9887
9913
8794
2779
1113
7422
8876
3408
2813
5700
4246
4607
7544
850
1026
1551
8765
1904
452
1631
5863
4747
7865
351
127
9993
1600
9981
9471
761
7013
7571
216
4655
773
4030
4977
6495
8479
6434
2210
3176
136
781
9664
772
9314
4601
8553
4444
6670
1110
3906
2544
5359
8760
4687
984
5009
7260
9604
2661
1322
96
5577
3387
2448
5668
5875
8195
2411
2172
3793
6076
6124
7111
2291
5794
7517
9493
6370
1618
59
7108
3836
3580
6898
6971
5551
2986
5000
411
9112
2688
5245
3923
7228
7765
2577
8532
5638
753
2471
1092
9250
8599
1640
4566
1786
4405
1131
697
1456
1129
611
7840
8123
2023
9866
4418
469
4328
317
5859
1380
8885
4551
2707
695
4932
9618
981
8452
7042
9931
2659
3471
7666
4742
560
5789
9733
3427
2750
7322
5098
8015
737
2664
9448
493
1668
7002
1594
6630
2010
4912
3930
8319
168
243
8593
8954
7825
3619
7341
4912
3010
1150
2292
1486
1727
8132
2313
6525
4093
6217
509
582
2449
5707
9303
21
6585
8677
2391
9309
3722
564
6215
3405
8394
567
707
130
4783
2796
6571
845
39
4648
8678
9318
1145
2231
7321
7553
4924
1894
7065
9088
1607
2316
749
1305
937
4992
2584
7882
5066
1543
3237
5514
4001
8941
8723
7921
2327
1062
7059
1706
2779
3365
5120
9848
3880
3853
4575
2488
6581
1302
8263
6774
7755
6515
9282
9442
5484
2481
7364
4339
9329
4482
7132
5356
7509
5835
2184
5727
2913
4779
3006
2016
327
8205
5401
7147
1443
9423
4065
5081
462
5668
1390
2734
5189
839
573
1142
7658
882
1876
9298
6249
2829
7443
9725
3966
458
3355
6645
9909
3729
1556
9606
7378
504
7098
9448
1794
4949
7655
2396
801
487
6455
4066
4653
9554
7703
5360
9419
4201
591
1374
4777
5152
3890
8725
6788
6290
8292
697
8667
5585
8956
2852
8691
1405
6042
1910
2109
4327
7386
4810
197
4454
25
6490
3339
5434
5623
9893
8327
2414
9006
5040
313
675
8067
235
2223
11
1306
373
987
2067
1630
8979
7396
2485
1858
2157
1548
3805
4401
3241
5777
5002
5229
8189
3192
4679
9462
5855
311
4235
2569
9999
3009
2670
8971
983
2120
2573
3270
6785
653
8319
644
7450
3916
7897
9657
6438
2951
7518
22
1924
8575
3835
2378
4275
7066
1379
3452
2133
8593
8183
4359
115
3929
600
7477
9937
2853
6431
543
740
7898
9069
1699
9345
9811
6686
3880
6231
3910
1956
5742
5632
4150
1393
3881
4020
9802
3669
304
927
1998
7673
1873
8948
6121
3514
4631
450
4703
10
3278
8278
9400
6932
7910
752
1169
4943
1686
7178
2929
5957
2163
5223
6430
6852
402
6393
2689
5876
3530
7750
4951
5930
7470
1451
1849
2812
8889
8113
5247
470
2650
1295
3825
9645
7027
1072
5214
3027
6796
6311
496
9018
7293
2096
2175
8123
860
7289
1765
9145
2356
1425
1938
4914
6231
7807
2594
7782
580
4598
427
6475
5324
4152
6283
7296
6978
1320
6466
1729
1186
8661
9083
7450
9316
2660
977
4624
7968
6764
1216
9740
643
8552
281
2553
4259
9592
746
2832
7440
7658
717
961
60
904
1104
5093
7564
9217
581
3346
7855
652
2075
991
2750
7705
8028
4505
2693
7339
2744
1813
6898
1812
2899
8278
4219
5311
8986
4721
4612
7284
3260
4527
2801
4231
1830
596
3225
4098
7743
9982
828
100
4838
1727
598
266
3048
4655
9796
5693
1735
7403
4262
4428
8311
258
4262
3163
8139
5330
9113
5084
6959
3119
1587
7581
8455
4788
8576
8611
6504
8637
7920
5590
4725
8563
4962
4988
2430
3465
5060
2666
2788
2600
3290
5704
5103
8166
3565
1045
3779
4428
902
443
9088
7575
2716
7491
7418
2702
106
3180
1017
3350
5204
1561
2769
3827
2587
5993
9860
8065
9758
4331
2486
6914
1940
9952
7458
3176
7864
5475
7932
1364
9044
6055
9750
1312
737
5729
9910
27
4478
1542
2728
2435
9775
4917
1984
2199
7624
1784
6323
7085
4490
8151
8327
2210
2812
333
9624
9664
5614
975
1836
3381
11
7931
1881
5410
8461
8221
805
7568
229
744
1455
4634
6986
9491
9068
711
1633
8641
6708
5126
5343
8518
2558
5472
3148
7782
1449
6280
4600
688
413
2838
450
9852
4017
7988
790
3361
4190
5720
6070
8378
7076
5732
8749
506
2700
7050
816
621
3197
8292
9430
6752
3875
6035
4825
6548
8381
3174
5325
7455
566
4446
6113
4452
4758
8671
9812
8164
3369
2762
9818
8117
5073
4713
5231
8418
8008
8489
1547
627
3576
6959
4886
6638
190
1125
2669
4190
5932
6468
7622
1043
3950
806
5697
9370
1072
284
9712
2111
862
7629
5000
1408
6524
7600
7624
7843
2103
4652
3770
2107
8460
1934
3640
583
8631
3084
608
8812
2446
1016
6811
3684
367
6870
9770
1094
7223
9921
7394
4376
8405
538
1482
243
9807
3619
8146
7558
8547
5819
1446
3518
1296
1067
8643
8996
6
1073
9978
4598
4635
5946
9235
9003
1600
9942
3539
1121
3076
646
6321
5530
8647
665
2069
8231
1665
3496
7266
8802
7347
1854
6566
466
8366
8172
8336
907
7108
444
9521
3509
9276
6356
2262
7551
1417
7981
5157
2562
6861
9797
981
3066
1754
8466
8675
8451
1673
2232
2019
6976
495
6044
9604
2498
4317
1338
7718
2278
4711
6132
2624
816
3207
8844
9821
6808
7266
8533
9111
770
1339
676
1352
9714
4343
588
8924
8367
2241
5259
4923
1639
3663
2959
2901
9075
8325
1853
7278
4301
8504
2659
77
2335
4405
8748
8560
9486
5811
4260
66
2711
407
861
1200
6825
6711
3265
6776
7683
5840
7816
5058
351
4507
3357
3443
9135
3470
5276
6832
6791
6160
5199
7313
2731
8143
138
8918
1386
5701
8483
2862
7595
791
8358
853
8215
3904
7847
6365
4952
6078
8345
4225
992
2668
7583
5622
7693
7360
3137
8915
2028
7333
6817
7171
1675
8059
1359
5128
1843
2030
1338
1442
3478
6517
3751
592
1861
4651
8039
9238
9269
1091
6788
3552
7747
5928
1100
8470
3078
3203
4002
9856
3684
2593
4625
4364
2151
2323
6722
9677
3281
3575
3616
2694
1726
9975
5290
24
2666
6897
5433
1577
7507
151
1826
2422
5119
2360
4494
1193
4161
5343
6872
9774
664
26
1927
6547
3224
5774
6509
8846
589
6632
5695
9844
1485
3623
8262
9782
2462
569
6740
1438
5384
2595
6411
5708
2844
8181
699
9338
5894
9884
7787
4278
3262
5866
6074
481
1733
5011
806
1635
1118
8410
5837
1825
2443
1052
6690
3218
8314
2042
8258
7055
9167
589
6695
7609
355
4357
6077
6927
1005
1299
5987
5535
1473
3863
7844
333
598
5004
134
1907
845
867
7427
9448
5902
382
567
5779
3141
4142
9705
4065
125
6366
334
582
1243
8306
8265
4321
5535
2426
7751
1202
2214
1451
363
3216
3284
6320
6517
710
8208
4109
3433
5391
8176
8100
4157
5634
2327
8908
7618
2751
3916
6063
6487
2570
492
6658
1098
2055
8835
634
2561
2727
6567
5277
6344
9810
1030
6823
6251
8422
5809
1294
247
5278
3352
760
7692
1974
8184
7596
3653
2494
8435
342
5819
846
1087
5263
5223
5305
8033
4428
1399
5349
8075
1205
1923
9274
6692
5513
1600
904
5943
960
3844
9374
9903
3281
5675
3320
9953
678
2890
1161
7658
2701
2194
938
7403
3647
1943
6657
1874
2374
9522
2565
1675
4315
51
4336
8134
5918
3563
583
7835
6394
2553
9815
8539
7879
5812
912
6569
5074
1688
5718
6106
7770
6516
1093
7976
3324
2147
3333
1341
3106
2618
3358
4766
3367
1570
6206
6533
2702
7413
904
4868
100
2591
6144
6055
5138
77
7013
8361
6920
5369
5005
7146
7479
5657
4423
6575
7789
4612
7197
3498
3622
6182
6041
8908
1873
2438
5193
3608
593
1622
5270
122
8261
8059
5313
2552
8475
9183
7679
5352
4336
531
807
3618
6586
2456
3993
5591
4218
5999
290
1490
6524
8911
7181
2589
9793
968
3484
2696
9919
8934
4711
6374
9047
7112
1684
5912
1368
5345
2759
30
9122
7199
6780
5514
8221
6794
9427
9880
6235
7023
3755
3468
1707
1006
1603
3994
767
6128
1741
3835
8305
3597
7443
7790
9841
6861
1486
94
2898
6749
7589
6275
9526
7749
3987
2299
5575
4519
8605
1226
2216
4586
4450
6432
1899
1401
691
5466
3188
3702
1428
4219
4509
3058
8244
1005
4475
5697
8362
9602
7746
3081
1296
2128
1317
9676
901
9517
4672
2983
429
5574
4217
5178
2796
2390
964
536
1316
1814
1894
129
2490
3280
7356
9039
2911
6808
3230
5437
6126
2253
654
5535
1265
3628
8405
62
633
1558
7136
2738
366
1331
3510
7637
7699
4967
62
357
1374
3700
942
4202
1207
6528
8503
1994
1038
2921
1136
249
4930
6406
9199
1269
8672
2671
2223
2177
936
5056
4655
4143
3830
8298
3351
1460
7167
26
5953
6007
5322
5326
8069
9834
9570
2789
2436
3884
4937
6759
6906
9421
3407
3733
2094
8948
2947
6386
5116
3342
4202
5490
53
760
8334
8738
677
2958
1080
9512
8229
6901
336
1212
5761
3286
5908
8663
2013
2636
6248
9898
8468
4593
3757
9219
9810
5971
85
6060
1410
8765
5766
8884
682
7651
4109
3539
1638
1869
7796
1448
6546
1192
2919
9412
188
8713
1492
9596
7385
4916
2098
3611
199
2524
3891
8391
3954
4012
1564
7141
4651
8773
7300
9039
9494
5849
715
4357
4371
7511
9246
4402
1696
8536
5064
8304
9501
2618
2235
6046
4303
7194
639
6097
1225
631
826
89
8968
709
2657
4774
4830
8816
6189
1370
7809
3425
7666
5937
693
4326
300
1950
4535
4556
2555
9799
8299
9392
3152
4549
4121
839
6584
2484
8819
379
1753
930
9355
9671
4123
6566
1155
6692
8921
3534
4244
1653
3799
1022
7170
1871
7703
9285
3216
6382
6663
8898
400
3012
7740
4951
8254
9795
133
2061
542
3885
8505
9145
7987
1546
6051
8749
2049
858
6623
2033
3013
3307
6213
980
1284
2061
5606
9374
9793
5412
7988
8600
6067
8110
295
7646
950
8438
5277
3811
4865
3928
7553
5206
5032
2950
1248
20
2386
9354
6136
3917
6702
5437
3026
2412
2497
231
8337
8497
851
3479
2619
529
316
1670
6360
3569
7593
8184
4265
9182
9475
4563
2778
5665
1794
9234
1851
465
9021
2572
7867
4010
2421
8289
6150
540
9491
2996
2098
3479
1343
9455
7668
1542
6307
260
7816
6969
8095
3648
3136
5479
4046
8805
2700
387
4105
4488
2715
8175
2490
1559
7937
8750
8420
847
2986
8591
161
397
4959
4455
6284
8180
4038
9885
1952
6639
3950
5404
736
3719
6187
5237
1929
951
6014
2547
8933
9838
5257
9859
5313
9716
1570
6819
241
1905
4726
5642
8851
363
7936
2105
1825
5998
890
3505
7147
4848
1459
9748
3860
6021
1505
7920
5692
8721
3289
5866
542
9613
1917
6391
9226
2796
4165
5745
9030
685
3585
3239
6353
4867
6686
5958
5880
7988
8407
7271
2700
2351
1678
1417
1411
4146
2667
7153
2655
4955
9732
1838
4332
4109
622
6642
9645
4437
5763
830
4298
5149
2804
5389
8211
9312
8736
7781
264
735
7798
217
4171
8964
584
9602
166
8726
2577
6254
8282
9308
7960
809
231
6197
5861
876
3971
3399
3811
3460
2853
295
6646
1957
881
8680
1792
958
4089
6791
6831
3838
8033
9623
9864
2343
2499
824
9626
2706
5557
4862
764
899
6536
3647
377
750
8818
8028
7630
2794
4334
7092
7632
8038
5571
8613
8195
1113
2066
2980
3225
1022
5508
1615
2007
992
852
1314
3231
3682
1144
7047
41
9075
7141
4033
7939
5919
7251
90
6715
6841
9519
5243
4842
2888
7169
1565
7699
5487
1741
4862
6796
9890
7037
2886
2445
1910
3263
1498
3831
3288
923
880
7863
4545
3240
3668
3338
7432
8783
5402
5203
1384
3711
3190
5611
8227
2547
7881
9160
6327
721
1196
81
7185
6741
8194
9553
4768
606
9721
5659
5323
2758
9265
941
5365
4391
2064
5159
3263
7676
437
1869
9983
582
3643
2763
1632
7793
8560
7146
4730
518
551
9408
2115
7954
2956
5276
854
6583
7526
1202
2211
5425
5761
3395
2903
220
3004
242
1086
1876
2320
130
7814
3869
5283
8452
1446
9908
1420
8095
9567
4405
1928
4896
8049
5998
4939
4501
929
7732
3499
3973
4377
2453
7978
1219
3536
8718
4546
3682
2732
8541
6694
6346
5062
5674
8294
3083
1869
3410
9395
322
3022
6788
4132
2154
8050
2640
4265
9525
7368
6187
6654
8507
868
1048
6946
3346
2488
5172
2408
7135
9730
1281
925
5980
7990
934
8828
2555
9566
6500
6079
2313
7823
9372
3638
3350
2110
6095
1708
1748
323
9686
5816
365
3196
3172
514
587
8293
3240
4887
7746
7767
8455
6431
1905
639
9113
7308
4857
896
6595
1877
9964
11
2229
6725
8907
4382
6565
7630
5513
490
492
241
1667
7034
7231
2722
2852
1729
6641
3479
1987
4995
2103
5282
1632
8663
6348
2896
5168
843
325
624
1045
8937
8264
2872
7505
8713
697
7508
7036
4646
2005
8993
1716
7749
2547
8890
1301
7955
4695
5648
3514
959
7945
6367
5618
7192
3301
3486
3526
5160
772
5735
729
7265
443
8600
1617
5879
1587
4713
9942
2878
3225
8800
4681
4869
8726
7761
7895
7140
6786
8665
3613
7666
1989
4765
654
2970
6238
8479
9923
2686
2999
2977
1603
5436
104
8093
7507
6352
7083
4964
2495
3051
7680
3429
217
387
3522
432
305
2763
3434
236
759
8516
1155
9606
6477
3283
4253
475
8144
4725
5750
8775
888
9969
8645
8111
6926
1997
8713
9100
366
6340
7266
8153
9005
4918
9438
352
845
8848
9687
2335
9982
6605
8811
7904
4695
429
2044
9113
8533
5046
2520
6370
3219
7928
7532
8613
5419
7141
1685
315
6636
7233
9479
1444
9981
7078
5426
1622
928
8267
6193
5675
7338
7494
309
7332
4323
1087
9906
2771
6921
6040
487
5191
7866
6922
2132
8297
9553
273
1495
2455
6256
762
1880
8814
5872
1340
9654
7933
7685
1669
4736
9704
9909
5366
2985
2378
1785
4178
2662
5791
165
2563
3274
5953
8741
638
9572
7361
4153
6807
4551
8952
4355
8040
4859
8975
3198
7406
6738
8092
4577
7477
8861
5373
3028
6870
5087
5418
8147
4701
3506
6790
6144
9167
9257
5558
4397
3308
886
7510
603
4626
3710
8360
5165
722
7177
4910
3968
9143
510
8794
783
2963
3246
2372
8594
2812
6847
1180
9110
968
6765
352
9299
6261
492
496
9098
9708
8865
9184
5774
231
6578
7118
8629
5472
7659
2804
3982
108
6786
3552
1813
5944
5405
1891
3988
6466
7714
7815
7789
9068
5759
9797
4022
5020
8251
9605
7907
695
2973
6022
330
2592
4444
1249
3795
3339
5191
8649
63
5255
5062
2070
6123
4779
144
8323
7621
2496
6350
4756
4702
1168
7712
2716
6800
8013
5791
9614
7137
2132
4434
4242
425
372
581
4666
7120
378
7031
1637
7292
4767
4050
868
6810
1140
6177
3100
4459
2492
5101
4859
2241
2748
2680
5438
9609
9198
46
2370
6667
8732
5608
7722
4304
3627
1939
6401
2468
5957
3265
6928
7308
220
1679
4354
8842
12
6742
6390
4958
512
1061
6100
207
4296
5247
260
2682
537
7169
4843
9322
8518
8919
4615
2938
2110
7456
606
5575
9989
6815
9490
4472
119
7859
9287
7362
4154
3449
4328
599
4772
5008
6039
8576
685
3901
979
5579
5382
5297
3583
9798
1754
9624
4577
5548
2500
5282
3784
2351
5697
3432
4722
5240
