1000
115
68
910
380
434
384
842
557
711
564
116
954
180
569
270
874
85
870
186
458
881
797
933
563
597
636
491
511
909
707
211
58
356
146
60
142
549
205
776
488
331
650
192
610
518
466
968
528
799
191
381
902
647
653
508
33
275
275
652
518
586
788
687
249
985
817
685
391
455
361
274
397
693
700
33
162
272
484
505
922
899
214
671
461
958
671
644
823
619
738
248
441
259
577
326
233
180
746
218
645
942
132
849
709
486
73
592
338
74
847
8
98
311
346
256
565
783
836
507
156
687
744
844
769
656
547
527
306
619
84
90
178
155
973
324
913
670
82
52
386
980
114
613
534
699
20
729
560
978
308
812
320
805
501
706
972
625
881
3
292
184
311
821
476
126
285
299
328
941
367
990
234
630
790
841
936
465
227
145
772
215
886
580
436
270
779
721
435
597
636
241
615
329
397
468
941
7
267
455
409
962
55
908
259
783
18
683
446
512
448
184
979
126
778
149
222
418
599
777
295
429
276
809
299
407
332
174
491
533
368
15
374
671
298
8
51
857
815
747
970
247
955
527
708
854
601
862
231
249
780
923
134
562
672
51
432
809
668
315
960
634
372
283
574
970
41
418
956
314
604
186
547
511
275
245
398
737
843
447
311
570
623
830
986
18
800
160
471
433
678
428
163
748
469
572
193
36
20
192
460
43
754
159
745
720
961
338
707
461
399
873
983
927
227
170
97
13
581
335
166
141
962
976
900
276
262
272
479
12
690
316
573
515
968
674
36
722
356
734
42
67
574
419
757
830
478
8
701
349
575
856
639
302
71
887
115
202
757
90
48
548
68
470
982
860
127
51
188
404
61
58
723
714
312
213
51
296
752
103
476
640
981
316
72
20
421
481
40
93
835
39
580
26
193
956
590
788
751
155
569
320
468
861
822
916
964
160
575
77
986
143
784
464
408
850
19
135
382
239
819
175
319
145
587
568
594
80
519
364
535
625
611
596
224
88
323
607
522
939
411
428
372
745
736
443
568
138
558
991
879
640
812
790
370
47
181
796
126
305
336
76
280
182
346
329
1
682
730
772
851
78
702
575
357
683
892
89
652
173
907
435
331
21
363
635
91
393
538
70
134
720
593
460
961
856
406
582
32
211
459
819
527
882
423
12
182
200
260
804
188
26
881
516
480
717
264
526
227
912
202
488
754
180
290
243
963
225
256
157
501
939
911
740
229
502
384
972
878
925
832
803
113
545
56
322
790
920
755
630
394
875
550
417
841
165
107
203
309
177
654
660
919
59
700
879
46
98
528
655
198
724
48
725
539
354
679
909
518
54
61
773
919
867
252
424
116
851
12
538
128
143
265
365
55
690
123
3
937
910
327
533
222
316
796
795
681
462
528
69
480
472
84
593
930
14
350
118
250
807
349
265
27
99
282
814
469
648
229
929
575
955
853
813
285
189
716
125
700
884
978
865
443
917
482
155
572
758
482
539
476
368
750
56
951
869
495
824
208
910
512
665
199
328
778
672
747
920
361
411
627
413
774
562
504
597
821
339
21
83
586
535
513
959
224
934
252
285
66
410
648
611
150
267
530
206
838
558
457
852
497
236
903
456
186
928
782
881
191
681
700
51
964
617
410
466
65
277
457
260
450
862
118
887
69
447
624
4
905
887
591
186
413
305
608
429
623
771
118
600
590
301
602
504
754
642
166
243
482
115
735
250
702
666
506
731
647
36
480
986
612
347
580
584
542
211
461
828
557
331
447
210
4
206
431
361
923
595
878
498
436
65
357
21
712
119
259
366
707
451
435
960
493
594
113
408
298
360
126
694
292
351
426
399
864
525
994
319
503
802
362
205
797
631
308
887
735
181
778
408
57
996
304
47
381
787
902
642
315
48
604
610
733
617
503
248
586
506
275
921
894
23
225
430
191
669
444
239
555
388
790
402
184
863
240
678
709
55
218
36
439
229
839
8
614
575
149
301
498
213
899
951
560
524
868
5
689
386
260
478
324
171
280
122
562
828
570
293
507
566
53
664
968
669
414
561
505
714
860
492
448
670
130
809
565
839
178
616
578
648
660
619
562
308
487
971
110
555
495
717
105
920
960
365
645
26
786
556
36
794
158
223
964
180
871
672
805
170
604
185
60
669
421
686
549
5
212
42
732
291
159
477
197
525
283
140
966
306
587
289
977
238
816
285
790
472
971
27
8
59
82
255
390
18
31
15
469
207
975
129
13
477
577
253
545
452
317
612
339
173
88
905
159
512
173
702
886
858
381
675
502
