5000
558
4504
3786
1765
4723
1294
4289
1422
2570
2862
4277
2422
931
3781
574
3598
622
1586
3164
4138
262
4860
350
1055
3815
3186
4453
1268
3118
706
3140
1619
4488
494
4203
2577
2454
2987
1085
740
1215
3028
3054
1877
4654
3120
2873
1398
4606
1911
392
1678
1867
3922
3685
4810
1355
2188
4001
4782
3837
3227
2852
3533
4304
4867
724
2293
4591
2030
4217
2055
219
740
1536
630
1306
1825
3150
4165
2511
1144
2097
2101
1954
3810
1177
663
3898
596
1548
1280
215
3783
2250
4923
1157
1825
4566
459
694
1773
2894
400
4911
4366
3973
3057
1486
4058
3279
3940
2034
4477
4285
2274
2051
3755
554
1390
3004
1922
820
3303
1742
2102
2039
260
3127
855
4294
4024
331
97
2828
1295
313
2027
267
943
3570
2346
1635
4858
1637
1854
3620
1467
2535
1356
511
3559
2161
3358
4594
1342
682
2977
2731
41
2454
4589
1367
2351
1919
3786
1235
2355
3916
2753
2675
2944
4247
4816
2561
3240
3411
2435
3584
1360
2093
1511
1249
2528
2322
1848
4606
2755
914
102
805
4714
1611
411
4592
1669
1649
3616
4067
1148
1829
329
805
2355
3516
4662
1906
2501
3601
4060
3312
3274
4957
2483
1704
4148
294
2480
1640
2310
1326
3934
4247
2358
1693
4921
2896
621
1794
4804
475
4572
398
2755
2688
2649
4689
139
4790
3778
1457
3785
4291
937
904
4832
84
289
885
2863
2135
1648
4118
3298
1471
470
3493
3399
328
253
4632
4324
2188
2241
2358
3944
2638
1937
1622
3407
1764
2534
4850
3418
3130
2180
3020
254
29
4384
3064
2051
2116
353
4803
384
1238
1409
2498
3109
3824
1253
4061
2522
830
867
2373
326
3389
740
3716
618
3190
4186
3581
2911
3789
548
4940
4973
2754
2584
2726
2782
3264
2112
4436
1914
4972
256
3356
532
4904
1718
1753
2572
601
2115
4804
1479
566
1449
3682
2364
2090
4014
4912
4736
884
3688
4141
4117
4372
369
2159
2542
1840
790
153
206
601
3114
411
826
208
4384
4922
484
1133
1440
1474
33
1609
1633
313
3229
1833
4481
269
46
3614
1657
3113
2342
3571
3709
1652
2501
1999
2658
4099
3718
324
2648
2168
1136
4263
1626
1330
2864
1865
3627
2295
1230
4077
732
176
1701
2915
2380
3004
4207
1300
4687
2655
2672
2239
2362
2884
3577
244
3093
33
433
2311
2009
4594
55
3950
997
352
3618
2135
644
716
2828
3956
593
383
3565
1176
2758
1163
1804
3383
4881
1879
3195
1000
4344
1695
4836
3198
414
1723
3934
1232
375
2281
925
4038
4152
3605
2785
1621
1554
3272
4037
1276
3241
1894
2971
120
1688
4188
1638
2189
3983
3210
368
1982
1464
4158
2861
374
2046
1249
3407
496
3479
2822
236
1108
692
1016
469
2668
910
4499
3280
1726
4803
678
3600
3058
1265
3983
3955
4630
3915
4615
2941
1584
3786
2200
684
3636
1125
4004
867
2247
4779
2432
1994
2939
2088
4129
4606
4659
2055
2557
3197
1114
1584
3782
805
3735
2378
2146
3221
2740
698
2374
3036
1639
165
3517
2785
2200
4890
3691
1162
2364
2059
2023
3889
1354
2221
3961
964
2948
3822
839
108
4832
2295
4334
3928
2935
1403
1135
347
4205
1071
1080
2835
1019
4945
1661
2860
3170
2454
2327
1972
3769
822
4436
56
3832
2379
3142
3679
2157
4371
1360
2317
3927
2521
2703
3987
2410
1275
1942
997
1299
871
3100
124
2332
1799
2649
1053
1001
3640
1935
3809
2580
901
2206
2150
206
2953
4314
1415
2343
4581
1369
112
4032
2486
3104
1524
2647
419
877
1746
1412
3349
1882
517
4153
2119
4424
2260
3038
145
1155
2785
886
2616
2029
2205
3196
2816
3965
3972
1138
1892
2273
4693
1436
357
297
453
640
1050
2254
1156
2056
1391
1419
232
1564
1625
4091
2289
3977
536
867
2845
583
2310
2529
2540
106
1639
1358
3982
1070
4769
1872
4244
2009
3407
123
1981
2651
1408
4544
4234
3633
3061
4014
2780
3379
988
1217
3932
866
3558
1336
763
1766
119
4795
4155
3895
2575
4069
1374
11
2164
966
3933
1743
1851
3428
1220
2609
759
916
740
3358
528
2515
2809
455
2976
4530
4197
4177
362
2297
3916
1037
1668
1306
4498
2109
2879
2986
2210
728
1820
3980
2609
1752
2242
4911
2274
2018
2157
928
1346
4102
1672
3083
2263
1312
846
1918
1541
3429
1741
102
1977
962
1909
1471
233
2410
4984
4542
2619
3566
3042
2801
566
3802
4075
4273
3687
2814
3610
1607
1476
3858
2940
189
918
1509
3878
1502
3634
1032
359
3880
3520
3382
1281
2161
8
351
426
712
3794
4301
86
709
2853
3711
4255
2836
763
1204
759
4134
4699
738
4261
1617
2454
3112
4607
25
133
2816
1287
1070
1115
1641
3481
1640
3920
1604
1452
88
293
213
4302
1217
967
2949
3789
1927
4406
4902
3660
4391
4869
2438
1898
159
2311
1383
4898
1695
1607
3126
2542
2424
1768
4515
3764
636
3511
3656
1646
2967
4510
622
4765
1460
83
876
3862
3419
3888
2586
2232
185
4523
4541
2292
2456
1529
859
4334
2113
3375
3033
1243
1471
4249
3355
3411
4038
4542
189
2537
1796
1668
2511
4337
3806
2896
3670
3066
798
3545
3905
1348
716
2646
2752
4291
2923
4516
4812
1292
4878
2204
4891
4151
2818
693
2179
4190
893
4758
1697
2525
1263
4822
4906
4675
4248
248
3161
1864
2562
2777
3314
2439
417
2436
2896
3614
2592
744
250
171
2214
4080
1706
3201
1617
3299
2041
1660
481
581
1029
2418
2137
2094
3333
2922
4009
498
3535
897
2751
2120
703
2962
647
4079
3147
1157
1968
2518
2916
4164
505
3666
1608
4970
4101
405
4966
173
3475
2653
2225
430
3496
2739
4289
15
705
2917
1862
2676
1484
1639
2998
1396
3622
4205
4569
1922
402
2740
595
1951
4136
378
2843
3442
4277
2106
4481
2339
2474
3596
3373
1652
2199
3309
237
681
4417
1531
2031
2122
2193
300
3096
1710
95
3128
580
1618
559
2147
3736
1003
1115
79
3243
4472
4465
2402
620
1787
2006
2484
448
1346
1179
956
3451
137
1615
4043
1353
1562
1086
3833
4861
2200
1673
3678
4714
64
645
4308
2593
2048
1912
83
1298
4093
297
2589
4381
3176
1832
4836
2315
4416
1686
664
4401
2390
3470
141
4494
733
3220
4100
4197
4417
4660
4601
2861
1713
1646
2854
622
144
625
4685
78
208
2950
2331
3270
4416
2567
388
2423
408
2743
3017
4528
2473
843
3193
700
3475
890
799
208
2633
2289
1624
1563
1736
1161
320
553
3064
2117
1862
1081
898
4143
3588
1293
4979
2291
859
4337
1271
1686
3663
80
3674
3760
1319
4876
1571
776
1457
4037
986
254
4155
1948
1099
1799
3236
1080
4611
4340
1572
2081
3882
4445
1689
659
2594
1012
4419
4516
3599
1932
3851
2737
840
1940
3552
4278
3677
4030
1433
30
3561
2878
1890
3034
2018
1711
2033
172
2375
3247
2992
2047
1521
4430
2024
615
3245
3435
2915
4535
3624
4672
427
3451
2076
1495
4210
1282
859
3421
1153
4033
3241
1942
2133
1188
3046
665
4974
1765
4972
1181
1746
4530
815
756
586
1379
1707
3423
2947
3321
522
4411
4768
1909
973
3770
222
3384
3818
4492
4408
630
4464
3928
2476
129
143
670
389
3531
2043
183
2675
972
1707
623
3968
4669
1548
4001
2563
2155
2572
3963
2155
1537
452
1500
1572
431
1205
3868
2822
911
4390
3939
4191
4234
4444
4813
1669
2414
1484
1451
2065
2395
2709
4541
1056
942
1826
3424
1260
741
2694
4458
2930
29
3920
2118
1389
2392
233
3180
851
235
1740
2311
2766
231
1190
2262
1110
3557
2750
3651
421
2712
814
1336
4108
1622
2618
3572
516
63
1753
4800
2503
513
1346
2214
2551
4891
1065
676
783
1625
722
3541
138
2200
3564
2193
2768
4146
3018
4071
2464
955
2118
2608
3210
2941
567
1557
3260
2297
4717
2203
1880
3695
418
3614
1620
368
4035
1844
2738
2914
4871
4052
2993
2108
1623
4863
4604
2331
1023
2997
4897
3508
124
1035
3516
3794
2799
884
1637
1970
1729
2733
439
174
383
3997
4907
4151
3584
3789
4668
2902
443
2197
3932
4276
63
3839
1872
2233
1526
1575
3103
4642
745
2611
3545
118
234
1984
4237
3196
2574
2462
4315
3125
3745
1276
1867
1687
3791
1390
2894
4125
2488
3254
2540
3145
3755
466
4893
11
2542
1717
3916
3751
1765
3335
1880
4354
2049
2753
3869
741
4443
3004
1316
3925
4569
2522
14
3545
4448
2304
1030
3390
4844
2201
4847
3273
4443
4934
2891
563
880
3421
1687
2041
1143
824
2707
4372
3980
248
326
1725
1401
4825
3777
2686
2407
4503
4467
414
3917
3033
1061
3475
1839
3174
1639
2108
1817
213
2387
4215
1604
1921
1143
1913
1479
469
273
84
4482
684
4311
622
455
3932
4636
3792
67
3148
634
4795
1267
3395
2268
890
4362
3
1842
3916
4130
2047
4963
3872
3569
1608
2302
2583
2782
438
4426
2908
3572
4973
4047
4791
2182
1878
2428
2594
4683
1312
2603
3155
2445
446
65
3652
1556
682
1906
1383
889
562
573
102
3887
4339
3859
3386
1932
516
614
4690
2289
1492
1440
3943
3406
2989
3521
949
3882
1547
3678
3237
265
624
2166
3513
823
666
1958
1783
2395
360
1999
1049
3464
3361
958
4316
3216
493
2117
2088
2698
4472
4841
679
2286
980
4348
1682
1310
3333
3611
3976
1023
379
4650
1496
1120
1804
4110
4738
4667
2657
2627
2521
3689
3850
727
2179
1099
3475
1743
2724
4582
3913
1818
4951
4391
1264
1939
2423
4407
3079
4138
589
1816
4471
892
4059
4665
2871
4154
3296
3359
907
368
4597
2517
678
4511
1672
1916
3646
1741
190
2590
2903
4691
1831
2696
1411
3927
700
1103
1352
675
2252
452
970
2638
2464
1930
2875
4866
4555
3767
720
2037
1630
3922
3414
4564
379
3876
197
3349
4584
4090
2531
3924
1510
2586
1228
3008
1619
883
1185
3390
2189
4378
726
2231
3408
4947
2217
2702
1802
828
4407
1748
3404
2368
785
663
3235
899
3936
1712
273
4705
276
269
1534
3548
3835
2479
3482
4262
2000
1132
2047
2915
1202
1543
627
1234
2687
1638
4604
1886
3129
4212
1743
1112
2911
1264
4762
3776
2911
3735
360
1620
1083
4854
2333
3015
1201
3466
1099
2237
687
1963
2524
2790
4871
3582
1593
2106
1847
1562
1490
3924
4125
4741
4975
4970
681
4040
670
171
4019
760
3382
3042
3518
4095
1692
3059
2533
2698
244
2371
3294
3164
4970
3676
4748
1420
1977
2129
3113
4346
2268
1335
4643
943
4091
1477
838
877
2952
158
4699
357
2683
2668
4152
320
283
2623
887
1432
1502
478
563
1232
1394
3813
2697
3729
4492
2431
4596
542
2938
918
3011
1026
428
1962
4822
113
2024
1750
703
1764
343
753
406
73
1129
3595
2632
2595
3120
630
4632
1877
2852
2152
590
2013
2818
2398
1872
455
1315
4114
3102
4334
218
3776
3770
2066
3422
2070
3328
1519
4409
810
2706
4651
4608
4736
4143
3642
2620
1228
2869
1725
3288
4517
4148
2840
2139
1899
1909
3067
3104
4235
4867
1972
2269
3064
745
3506
2266
2876
1645
3989
1666
143
99
3492
1750
1678
3412
2631
1792
624
4032
2687
2301
1373
1866
1146
1375
137
1372
1579
4130
2536
1035
1178
821
1457
2971
4880
1563
1104
4110
1910
3171
1543
1865
3558
404
2996
3440
3217
629
1497
3811
4818
1308
1128
3320
4700
414
1797
3852
1176
2567
2145
4876
4257
4385
4380
2369
1924
4442
3331
3651
313
3713
1594
3141
487
1842
1907
538
1352
627
2552
357
160
4613
3525
3095
1332
3951
362
2101
3488
4479
3064
1280
4114
211
3281
2786
749
3615
772
2045
2600
1287
673
2062
4137
4152
731
4330
4124
4786
212
983
504
4408
4021
2390
4475
2115
2566
1336
1597
516
1002
4607
3715
2049
3399
4998
2221
218
4821
1611
2234
1460
2412
3156
1346
1077
2499
520
917
2609
2462
4928
786
4701
1640
2414
394
4306
3937
932
30
4748
3546
831
4398
1852
463
1709
4187
4970
3739
2982
3279
4695
3698
3416
4868
3714
2115
2053
4483
4034
3845
592
694
2923
1653
2685
3183
3124
1028
4961
835
297
2381
1474
2561
3612
3992
320
407
945
432
2333
2631
4033
2980
3456
2206
512
4124
1256
2638
1571
3858
3839
1364
1092
132
3805
2540
977
879
3887
1971
937
2678
832
206
2288
1763
1854
1625
4101
2980
4152
19
2946
1962
1895
80
2805
2710
2698
1030
397
3557
4694
3148
1342
3862
1917
992
704
4857
639
616
564
403
2047
1627
4346
3111
3104
2802
519
1335
3471
769
4178
603
3202
1122
2049
2232
4793
3675
496
2789
2876
2846
930
2035
942
1131
2186
2051
72
929
3196
540
505
26
2216
629
1717
3112
3631
3392
1403
274
1441
2655
2083
2716
2054
3923
967
4654
2283
4123
2266
4243
2232
2410
879
1684
1271
3108
1203
2982
200
1106
973
3130
371
2396
37
412
4757
615
1835
1758
486
2895
2401
1462
1746
4191
1260
3109
3216
4454
1439
2569
2743
3996
40
909
2543
4701
2743
4367
295
3597
3228
4267
3715
3589
2872
2310
2568
717
1967
1814
267
4891
4949
2640
174
4083
2951
1553
4485
1167
3131
1737
2313
2136
50
429
4322
3990
2564
4124
626
1380
357
2365
4191
1568
1423
95
857
4978
2312
4864
3470
4930
2981
1282
1506
1519
4936
331
483
437
4774
948
1444
4583
2539
1932
1967
2462
3770
2206
2385
4696
992
1952
2481
3556
1585
1501
3537
4853
1693
2630
4824
3629
612
564
30
4596
1119
2617
410
1697
729
4776
2457
1496
222
3242
1272
1557
322
1083
2420
4496
2613
2084
2463
4498
1182
4554
4638
1975
4478
198
2256
2091
2719
3951
154
1050
3716
1653
1129
939
51
3087
560
444
1888
1711
2299
4812
1411
1908
4930
301
2173
2953
58
361
4967
4884
2776
4311
2812
3258
2432
213
2272
817
869
1024
1024
1814
2082
4642
420
1119
1080
867
4107
3060
4385
3483
389
50
4772
2343
3775
2583
2154
906
1851
645
2761
542
454
4793
1286
3915
3006
2523
1825
4303
1883
4771
3139
2542
2516
2170
2235
4612
1758
3071
4529
3153
305
91
3619
2725
996
4063
4911
4148
978
1972
679
3451
3940
3387
1259
2372
2281
1878
20
310
675
30
3445
1473
2876
4911
4055
3704
3033
3129
4541
4359
598
833
1029
959
1794
1079
4920
1896
2885
4376
1043
3767
2583
991
223
1321
2154
904
2574
3646
98
462
344
448
3804
2766
4997
4270
3901
2986
4963
1965
940
2522
1682
1198
3603
2920
1350
1982
2266
1427
2949
3554
1773
1855
858
1449
1608
3075
1729
3014
3391
1235
3756
3350
3458
1143
3101
2615
4177
4155
4541
4090
4628
4624
380
2234
471
1171
3266
2725
1284
4836
3917
587
2985
826
1276
3308
1555
3846
4844
2295
4875
3653
3496
1241
2464
3593
1527
2450
1453
2050
4057
4878
189
817
4273
3034
4220
782
2305
4006
1792
1067
515
1746
2696
3352
4396
2404
2604
120
3862
2777
3877
3548
4190
2281
2837
3958
786
1592
1634
4385
263
4498
2543
1231
3403
2207
4988
4539
3310
1728
4272
264
2198
4089
3468
2177
1339
799
1753
3019
4152
387
1341
2888
3660
2351
4594
4221
4816
801
1167
2239
1417
4142
1307
209
160
233
1223
3057
2624
2284
1667
1787
4079
3773
1172
3414
1961
1581
3469
2878
130
694
987
3705
1771
1659
1373
1119
4367
2708
2580
1755
1741
1025
792
1311
2056
4999
1915
4783
2558
1393
3850
4748
3086
441
4456
3773
2622
3327
4141
945
172
3905
4312
864
1587
3132
1513
2834
2544
121
3946
1911
1965
3388
3934
2313
3957
2337
1602
999
2465
2496
387
1404
4035
4531
3049
2263
1186
3941
4323
1524
1165
405
1659
4827
443
1258
2507
1767
3642
2722
1112
2282
2087
494
1669
207
4150
1648
899
1352
2665
592
4472
1529
1862
2731
2222
1260
4252
1814
4262
1527
1191
217
3916
1123
3877
3783
4317
1766
3239
4828
3774
276
3076
4864
3558
665
2202
812
3735
18
1678
1170
2297
812
1622
2530
560
437
2158
3594
1135
922
680
3006
4748
3649
1695
1705
1062
3664
333
3706
4404
1133
1867
578
1624
3575
1642
1812
1277
77
600
4046
1445
2462
725
2128
2189
3368
3974
259
1276
53
2417
3076
1666
3595
2978
352
1558
1971
4046
2954
3787
2925
2438
4435
2052
3577
2278
1273
1845
4137
3190
1755
3660
61
2233
2132
2319
3159
277
502
719
4016
1538
2138
4958
523
2238
2773
1014
3185
312
1884
1018
2092
1963
331
721
3992
110
994
3231
406
3018
626
3150
3019
491
2255
1166
3512
3146
4582
192
4892
1602
2080
993
4055
3258
3575
2101
248
3491
1681
3506
4602
4123
2115
2671
2354
185
2416
2076
3228
4082
3010
3819
582
1570
4616
24
3733
2863
1009
4582
671
219
1127
1146
2185
3560
2855
1651
858
2529
2633
1434
2559
1870
195
2638
4880
3744
1619
2795
939
4654
52
428
56
592
3744
4039
421
1746
1551
2937
4098
3419
983
641
200
4934
2269
1729
3085
1488
3507
1066
3131
1356
3770
2287
3075
3844
4322
3653
1315
4512
3384
3505
4656
563
4342
2826
4080
852
73
4537
1598
4587
4151
247
1755
2373
3960
2486
291
4554
2176
4210
4087
3004
1993
209
3817
891
1421
2920
3893
2167
1196
4432
1813
1845
219
4850
4741
1669
4855
55
1577
1691
4384
1275
3340
2373
1633
2074
2283
3797
3383
3219
489
976
3880
1924
3740
3717
685
4950
3807
4330
2171
4827
945
4916
2591
4654
3038
3261
4040
2090
1125
3355
1770
1117
3738
166
4479
37
4781
874
2585
1524
1306
398
1166
2113
1458
740
2826
4639
4563
290
3779
465
147
912
81
1790
202
2892
3493
2938
2081
3322
3804
2173
2869
3024
3251
1152
1025
3096
4341
3101
2803
671
1611
686
3733
494
2123
2962
1959
4231
2285
4051
4499
19
3722
1890
297
3793
637
4055
4964
2153
390
3460
717
882
4189
3818
2935
4593
620
2471
3539
4931
4000
3414
2612
3869
1337
3670
165
145
1672
2448
529
3611
4185
1131
2451
4005
3385
4362
2280
1601
3841
1233
2866
3485
2324
1132
4415
147
3029
233
3745
49
3677
1830
1055
4639
2332
1062
1179
759
253
2752
3981
4882
4015
1768
4161
2000
1208
4171
212
2464
3341
3365
4965
1545
944
3117
281
4663
3354
1995
3183
1635
3705
560
1238
4468
4379
3279
4299
4771
4595
683
4815
2142
3699
3298
2985
3290
4067
1256
4696
1198
3249
2735
492
4510
2666
4493
637
4861
248
4982
2212
1799
1477
2227
4553
1838
4158
1243
2724
2379
2291
4426
4440
1592
2830
2368
2084
3819
714
4787
348
1613
2030
535
1296
3331
58
4140
963
3653
2545
1425
1255
1390
4336
848
4376
3116
222
1417
1414
2520
1421
4092
3478
4551
1711
2330
4682
1570
924
3627
3232
403
1628
1805
2057
4930
2247
3403
4260
767
413
1868
1874
2760
4491
134
4995
325
3531
4114
4233
3402
2160
3954
1770
1925
1448
920
2372
3264
498
1337
1932
1617
4785
3826
4752
497
4386
2249
2206
3818
2499
167
692
4229
1333
725
450
4538
2988
4653
2340
3664
4636
2978
1141
272
4390
883
1808
2126
1259
3403
408
1655
2728
493
4723
4961
4883
3110
1235
2775
1556
1259
1629
3388
1351
189
3997
2483
1066
1666
2498
1756
538
4294
1557
3505
1995
1042
4712
1809
3288
1707
677
4805
3015
2942
148
1986
3704
3115
3689
2726
2744
87
4741
3798
3753
255
4804
3776
3716
2634
1528
4324
2578
3494
508
2888
2591
765
1706
780
456
3361
2897
475
1151
1694
4802
3972
3540
783
3898
1647
3094
444
2916
524
4306
2882
1792
4848
459
43
2391
4521
4491
328
1928
2573
217
2197
2944
3470
2660
1868
4213
3192
2279
3972
4756
4822
1405
4330
404
4866
2582
1128
4107
2364
2035
886
327
2788
4295
4695
2575
2003
502
3710
3971
4063
250
1864
1409
3046
820
2660
450
2070
1184
1920
4452
2177
2036
1669
433
62
3058
2022
4096
4622
1987
84
2762
4805
4559
3470
2936
162
4163
15
700
3984
3242
769
1221
1949
1343
3633
2718
4107
4521
4386
1161
2413
4496
2103
3728
37
3775
4083
2036
3572
235
4915
2362
4921
763
3255
2163
589
4513
2548
1466
1846
4920
989
3795
3051
2733
4076
4739
1423
1891
1835
2755
3410
570
2400
3176
1013
3632
3281
2144
4756
1642
51
2141
3352
2060
2554
1774
2454
1616
1004
1535
4514
2348
686
1149
4032
3447
740
3287
4028
4765
2506
1634
4552
1369
1257
4187
494
1162
4431
3698
2455
1561
1557
1565
4364
10
4879
3890
2587
4329
2543
386
1204
3303
3563
362
3003
733
1769
3284
1513
4792
2952
4102
3423
3494
1528
3080
2178
80
2357
4883
4149
4136
2424
4313
2875
812
2055
696
4861
2532
1254
4483
4019
4665
1101
4650
2886
1166
539
1633
3589
2724
3036
3759
1878
1800
3000
3159
1576
968
2964
644
4894
4534
340
513
3927
307
1985
4974
1883
1592
383
1202
2417
721
859
3989
4799
739
1283
2221
2857
4488
934
4805
1046
472
150
1944
2087
4586
467
2060
4642
1716
4922
2276
4910
4511
349
4574
4463
670
2877
439
3740
3168
941
28
3599
844
1233
2618
1501
3421
2598
2040
4719
4182
2156
3403
2232
799
2394
274
3152
129
2713
2628
3336
1311
1139
711
3215
485
3605
3002
2685
1109
3299
1173
3414
2288
4011
1839
129
2498
2293
2560
1497
857
4585
3489
2883
2415
4049
2032
3921
782
4953
4880
4071
1003
1660
2433
4189
2246
4369
4451
4068
3289
4358
4737
1572
207
2939
1420
3396
1568
362
1829
3716
2754
4933
4064
2800
4113
4049
1373
1413
2402
4274
488
2634
1292
2528
1083
471
417
1128
4027
2824
324
4925
2560
2440
2994
496
3809
1616
654
2694
3144
1911
4848
929
4513
862
750
2090
1241
3828
814
3005
2892
1896
1754
2133
1911
3349
1021
74
2952
1243
237
816
4851
4123
601
3858
670
219
2189
2951
4863
891
3676
3924
2901
2767
1285
2874
1340
1406
1793
3169
4748
4314
4372
4949
1924
1153
3338
1024
1131
4499
1764
1160
1880
157
2931
2130
2883
1990
476
3647
1484
1968
4029
4966
1506
401
2623
4955
3046
2587
2676
951
161
3000
4075
3223
2034
410
441
1257
3221
2889
4443
3396
2289
1654
1985
1343
545
2601
2229
70
2029
2422
1724
2568
4057
2469
3540
2428
1727
4546
4591
2229
2985
3418
2126
820
449
4151
890
4445
2556
1293
3519
3276
4780
158
2483
2226
2966
2307
1565
818
1124
1037
833
1097
3499
2795
2451
4934
4423
1500
1385
2045
221
1151
2198
3842
442
1913
2036
4493
1690
247
1115
2097
891
1485
703
4129
907
2022
4478
37
4527
3100
4755
689
2527
859
2948
423
4934
865
1235
2903
3622
1904
907
4475
1955
1968
24
1696
2390
4871
4524
1698
2757
186
1184
4407
4345
4472
4904
2950
4760
2100
4610
2337
1980
2956
3264
2393
964
3793
572
930
4154
1502
1204
447
3925
1323
1486
1046
2871
940
2917
2767
2578
4550
4484
1801
4702
3578
3650
326
3246
3566
311
4496
2452
1039
1271
420
4746
3475
1317
2486
1467
3119
1753
565
1424
724
4613
1696
1103
3815
2868
3233
922
1601
2188
4217
3156
4540
3397
1244
937
3992
2794
318
982
1644
2248
1854
4646
1305
4717
323
4959
51
2555
4181
4589
185
3085
261
965
3976
3361
4870
1188
2635
4671
2557
1793
3750
2001
4792
4921
1378
4019
1580
1594
1963
3348
2361
1330
177
2509
2425
2712
3484
1554
3423
1922
691
2143
2517
1089
4791
2485
2769
1306
4915
30
3584
4687
2183
2493
1675
4582
4694
1968
3057
1992
3772
4666
3685
1060
4492
2453
2633
4788
1952
1333
4268
1993
1962
4747
632
3251
1979
1808
4791
875
1675
1224
1519
125
3168
2009
371
4904
4946
652
3149
4096
1734
403
344
702
4618
1100
2787
2165
1345
1349
467
3432
2990
952
2543
2283
3614
3697
2114
1792
953
630
2516
2843
2922
2326
2674
1471
807
2333
4952
1810
635
4935
2404
2182
194
1026
3349
1106
437
1234
1852
3241
967
3535
4273
1161
3422
1769
4225
3247
3990
2719
4654
4560
547
932
920
2699
1293
835
1259
2718
2073
2277
3777
798
4062
3065
17
3251
892
3027
3264
1251
124
4063
4847
2077
4716
3208
3924
3337
2994
2988
174
2910
1963
1650
756
4300
316
3240
4021
1388
1609
3854
1149
1373
1100
4070
2110
528
3424
2872
3389
125
2894
2361
1911
4207
3696
372
1788
222
2212
2421
1547
276
3748
3481
1142
891
3828
2113
4887
1604
3315
2961
4522
4866
4389
4692
1413
3545
2704
4858
4230
361
981
4813
3348
3176
3914
3568
2240
2127
4630
3025
2101
3258
2060
65
3814
4382
4284
4353
4663
3063
222
839
4439
71
4049
3833
1637
1590
4683
4945
2792
286
2057
522
3427
3822
1809
3898
2481
2874
1430
1136
3164
2136
1484
2448
4357
1750
109
109
1087
2979
2180
63
1989
3611
631
1421
3422
3703
970
1500
2165
1596
3066
2920
3350
202
3407
3715
2485
4120
3605
276
2457
1943
3420
1321
1130
1108
3463
24
2127
17
4155
1154
4875
2174
4497
1177
4336
372
1061
300
1516
515
4151
929
4012
53
2618
4474
1614
890
2579
1595
4627
853
2156
2010
805
630
778
1832
1605
1522
4004
2039
3041
280
4205
2309
1108
1302
4036
1224
2790
1635
2497
26
1005
3629
3475
4503
3700
2735
1280
661
4019
99
1564
20
3367
3558
4454
453
811
1820
4167
4751
4743
1353
2052
3352
2929
2643
1862
4865
705
2916
3488
646
4082
1564
2361
76
4189
2574
4675
2371
4135
3522
3939
494
1575
1499
3394
672
729
2225
2739
1498
2086
2810
4606
563
919
4764
1092
919
4368
1847
1780
3082
4386
2545
1318
2103
1307
3929
3166
412
3177
248
1163
2681
4269
3893
2472
2225
3733
2192
170
4127
2181
969
4403
1757
4823
2250
1703
4257
2352
1514
765
353
3829
3403
1432
3368
1053
383
1423
3961
4041
854
234
1540
3602
243
830
1407
2433
1464
4258
4663
453
2215
483
239
152
1667
2717
3855
4851
1142
2571
3729
2411
2956
4984
4600
3812
1120
2855
986
3245
1829
3272
3904
2268
655
4117
2771
292
699
692
4233
1172
765
621
872
506
2729
4350
2170
2064
4484
293
3810
3133
4235
1070
2863
2207
387
4606
2710
2543
2180
2519
3476
742
832
3412
4660
1543
2536
2512
4142
852
3665
1866
4009
254
2666
868
2458
271
890
1836
1685
2618
1720
1674
3164
2174
3034
3091
1382
615
1826
2566
4673
1109
1542
4605
3675
3505
527
2878
333
2621
1333
1698
1562
1851
160
2189
3686
1833
3081
536
4466
2723
1339
3900
151
2961
4508
160
809
2531
3209
3124
479
467
4153
4550
207
4266
1280
2837
1159
4613
943
4637
3698
1289
338
3355
4463
1349
538
4001
288
1695
1540
2203
882
4897
322
235
2520
3061
1912
4562
2357
4223
97
3304
2906
2770
1779
3023
4612
3278
4113
3939
3841
4881
2544
1756
3037
35
2180
3038
3848
2478
1147
1160
4282
1085
1586
405
2370
1668
1039
4064
3108
1097
4174
3499
1441
426
992
1954
555
3912
4217
3827
1977
1938
3106
2136
2295
4116
918
1033
2561
2176
4272
3235
4458
174
4477
4798
3936
2513
2374
1702
3475
354
3481
431
4278
569
4871
3271
2332
4049
233
566
1343
932
2031
4897
2533
3662
3570
1264
404
358
3707
3244
2384
4659
3539
741
2354
611
4148
2667
539
2337
1248
1436
3137
1232
3049
197
4089
75
4504
852
3438
31
3546
2790
1456
1524
1479
1820
1841
2983
925
3355
1444
2044
3381
372
1015
3978
1580
2273
4859
2935
772
2585
2993
1837
2140
4382
2911
1149
1670
653
3548
3796
1088
918
1408
1091
4893
1757
663
1244
4916
3623
2431
913
1441
3489
2104
2022
4099
3182
564
810
2646
3151
3151
1507
2441
2056
1065
3048
1971
2441
2985
4250
2314
2274
1604
1837
820
1634
614
2187
585
4226
777
395
3528
4701
1060
4384
2586
947
261
708
1364
4982
634
1823
1769
1805
4917
1019
1247
2423
4086
2578
4096
4434
1973
1545
2404
2981
2536
862
4821
2690
2089
697
2747
1816
4348
3791
2137
704
127
685
952
4822
4027
227
3850
99
3243
4158
3170
9
211
4658
4754
630
3778
776
621
1596
2754
941
3726
1664
3312
4803
2801
4146
2223
3740
1528
1012
2050
4339
1568
4223
170
2158
3862
3530
2228
4873
3708
2181
207
532
4056
4213
3460
1169
1511
4248
3087
3558
4854
3916
2101
4010
2993
274
430
4117
4824
4481
4789
3584
670
704
4158
